100
1 2 2 3 3 4 6 6 8 13 16 18 
3 5 7 8 9 10 11 11 14 14 14 18 
1 2 4 4 4 5 8 13 14 14 14 16 
1 1 2 4 8 8 8 10 10 11 11 14 
4 6 6 6 8 9 13 13 16 16 16 16 
1 1 1 3 4 6 8 14 14 14 15 15 
3 4 6 8 9 9 13 15 17 17 18 18 
4 6 6 6 8 12 12 14 16 16 17 18 
3 4 4 5 5 8 8 10 12 12 15 18 
1 1 1 1 8 8 15 16 16 17 18 18 
2 2 5 5 6 12 14 14 15 16 18 18 
1 2 5 5 5 7 10 12 14 14 15 16 
1 4 7 8 8 8 9 9 11 11 14 18 
7 8 8 12 12 16 16 17 17 17 17 18 
2 4 5 5 5 9 9 9 11 12 17 17 
2 2 2 3 6 7 7 8 12 12 13 18 
1 1 1 1 2 5 7 11 11 14 17 18 
5 5 5 5 8 8 8 9 10 12 14 16 
4 7 7 11 13 13 13 14 14 15 16 18 
2 2 4 9 9 16 16 16 17 17 18 18 
1 2 5 5 5 8 10 12 13 13 14 14 
1 1 1 1 3 4 4 6 11 12 16 18 
1 2 2 3 6 13 13 13 15 15 15 16 
1 3 4 7 12 12 12 16 16 16 17 18 
1 3 4 4 4 6 6 6 7 7 12 13 
1 4 4 8 8 9 10 12 12 14 15 18 
2 3 3 4 4 6 8 10 11 13 14 14 
1 1 2 5 8 8 9 9 9 15 17 18 
1 4 4 4 7 7 8 11 14 14 17 17 
4 6 6 7 9 9 10 11 11 16 16 18 
1 1 4 5 5 6 10 12 12 13 14 18 
1 1 1 1 6 6 7 7 8 9 10 12 
2 2 4 5 5 8 12 13 13 13 13 15 
4 4 4 5 8 9 9 16 16 17 18 18 
4 4 5 6 7 8 11 12 13 13 16 17 
3 6 8 8 8 12 12 13 13 13 14 18 
2 2 2 3 4 8 9 12 12 13 13 16 
3 3 5 6 12 14 15 15 15 15 17 18 
3 3 3 7 8 8 8 8 10 12 12 16 
1 2 5 6 7 8 8 8 12 13 16 16 
5 6 7 7 8 8 8 10 14 18 18 18 
2 4 7 7 7 9 10 11 16 18 18 18 
1 1 2 6 6 7 10 14 14 14 15 18 
2 5 5 7 9 9 9 9 9 10 17 17 
1 1 1 2 9 11 11 11 13 16 17 18 
1 3 10 10 10 10 12 13 13 13 16 18 
2 5 5 9 11 11 11 12 16 16 18 18 
3 3 4 9 10 10 10 10 10 14 17 17 
1 2 2 2 4 6 7 11 13 16 16 18 
1 1 2 3 3 3 4 6 8 12 12 14 
1 2 2 2 3 4 6 11 11 17 17 18 
4 4 5 6 9 9 11 13 13 15 18 18 
2 3 8 13 13 15 16 16 16 16 16 18 
2 3 6 6 6 7 7 7 14 14 16 16 
3 3 7 8 10 10 13 13 14 16 17 17 
2 2 4 7 7 7 7 11 11 13 14 17 
1 4 4 5 5 6 7 7 9 14 16 17 
1 2 7 7 13 13 13 13 16 18 18 18 
4 4 5 5 5 9 10 12 14 18 18 18 
4 4 4 5 5 5 6 8 11 14 15 17 
3 4 8 8 8 10 13 16 16 17 17 18 
1 2 3 4 5 6 8 11 16 17 18 18 
1 4 5 10 10 10 10 11 15 15 15 17 
2 2 4 5 5 7 8 9 14 14 14 18 
4 5 9 11 11 11 14 15 16 17 18 18 
2 3 4 4 4 7 9 9 11 17 17 18 
2 4 4 4 4 5 6 7 10 14 15 18 
3 6 10 10 10 11 12 12 14 16 17 18 
3 3 3 6 10 10 10 12 12 12 17 17 
1 2 4 4 5 5 8 12 12 17 18 18 
1 1 1 1 2 3 3 3 10 11 16 17 
2 3 3 5 7 7 9 11 12 13 14 16 
1 1 3 3 4 4 5 9 9 14 16 18 
2 3 4 6 6 6 8 10 11 17 17 18 
4 4 5 5 5 5 10 12 12 14 15 15 
2 3 4 4 6 11 11 11 11 14 17 18 
1 2 6 6 7 7 8 8 10 11 12 16 
1 4 4 7 8 14 14 15 17 17 17 18 
5 10 10 11 11 11 13 13 13 14 15 18 
4 5 5 5 5 6 7 9 10 10 13 13 
2 2 4 6 6 6 7 7 8 8 16 16 
1 3 6 7 7 8 10 10 14 14 15 15 
2 5 7 10 11 14 15 15 16 17 17 17 
1 1 2 2 6 10 10 17 17 18 18 18 
2 4 4 5 6 11 13 14 15 15 18 18 
1 2 3 11 11 12 12 12 13 13 17 17 
2 3 5 8 11 11 11 13 15 15 16 17 
1 4 4 11 11 11 11 12 14 14 17 17 
1 2 3 4 4 5 6 9 11 15 15 16 
9 9 9 12 12 13 14 14 15 15 17 18 
2 3 3 3 3 3 6 11 13 16 16 18 
2 3 3 3 3 8 8 9 9 12 14 15 
5 5 12 12 12 12 14 14 15 15 15 16 
2 4 4 5 6 7 11 11 12 14 15 16 
4 5 7 9 10 10 10 10 11 13 18 18 
3 3 3 6 10 10 11 13 14 17 18 18 
4 9 9 9 11 13 15 15 16 17 17 17 
3 4 4 9 9 9 9 9 11 13 14 16 
1 1 2 3 3 3 13 16 16 17 18 18 
2 3 3 4 5 5 10 13 13 13 16 18 
11 14 4 17 12 2 13 4 5 2 13 5 
8 9 9 15 17 18 3 9 17 1 15 11 
7 13 12 2 13 16 15 11 18 6 10 1 
15 15 7 8 10 14 9 17 12 13 3 13 
16 10 13 16 13 2 6 15 14 14 2 6 
10 8 16 9 17 12 11 3 4 7 5 11 
12 5 7 1 5 16 18 8 7 5 2 9 
18 18 16 2 3 15 7 13 1 17 2 12 
14 5 18 7 17 9 15 3 1 14 3 3 
12 7 6 2 14 3 17 9 11 13 10 3 
7 15 16 4 15 17 17 3 2 2 10 17 
4 11 6 13 2 5 9 3 2 18 18 17 
14 11 17 11 15 16 4 15 5 4 6 6 
4 10 9 18 13 9 7 10 2 7 12 15 
11 3 4 15 7 15 7 2 1 15 3 14 
4 17 11 7 17 8 16 3 7 2 18 5 
11 6 4 17 18 1 9 14 17 12 11 4 
15 16 11 18 14 14 15 13 7 10 5 18 
8 5 2 7 7 2 1 16 13 5 11 5 
6 14 3 6 5 18 10 2 9 5 17 3 
4 16 5 4 18 18 16 14 17 3 18 2 
5 13 17 7 16 15 2 10 1 16 15 8 
9 18 1 16 1 15 7 6 8 1 17 18 
9 7 9 2 4 16 14 16 11 10 12 17 
9 4 15 6 9 9 3 2 1 11 8 17 
10 5 18 10 1 16 1 8 14 17 14 17 
3 5 1 3 18 15 11 2 18 11 1 13 
6 9 11 9 7 18 1 15 11 6 7 6 
2 1 8 9 3 12 1 18 17 1 7 2 
6 2 15 13 16 5 18 14 5 4 4 13 
17 11 17 1 13 15 11 17 15 6 8 8 
5 12 17 14 18 3 6 8 16 1 9 4 
15 14 16 16 6 18 9 3 5 2 17 5 
14 14 3 14 5 15 6 8 2 15 14 4 
2 5 6 3 17 18 10 5 14 3 16 5 
18 3 18 13 12 18 5 3 15 11 8 17 
3 6 7 5 14 2 16 3 8 6 11 3 
6 11 9 2 5 13 2 4 13 14 13 5 
14 11 11 16 4 5 11 9 17 9 8 9 
3 13 3 3 3 18 18 16 5 5 7 6 
12 9 4 8 7 16 10 6 10 2 9 11 
5 7 17 10 17 10 7 15 7 7 17 15 
4 8 8 1 1 14 18 9 15 5 5 15 
5 9 13 9 17 15 15 15 6 13 7 10 
5 11 17 11 4 18 17 2 1 7 3 3 
5 15 14 18 8 7 1 5 1 4 14 6 
1 1 8 12 3 6 17 6 12 7 3 9 
2 13 16 18 7 1 8 1 16 16 4 15 
6 15 11 3 5 5 2 10 5 10 17 5 
14 6 18 13 4 7 11 18 6 13 3 12 
9 18 8 12 10 1 3 10 10 12 10 8 
5 16 17 10 7 17 10 4 7 12 11 11 
6 15 11 3 2 18 14 15 1 14 1 9 
3 1 7 2 5 17 12 1 4 12 13 15 
6 4 16 13 1 17 11 8 10 10 8 5 
17 15 7 16 13 18 12 8 13 11 7 4 
5 12 7 16 6 4 4 11 18 18 3 8 
5 4 12 4 15 11 6 8 13 11 10 11 
17 15 17 15 4 2 6 1 15 1 14 2 
12 8 3 6 10 8 3 12 5 9 6 14 
14 6 14 6 4 4 9 1 15 18 8 14 
13 3 10 16 1 18 3 1 13 13 1 16 
5 14 2 15 6 13 8 4 18 13 7 3 
15 6 8 9 9 3 11 6 2 8 7 9 
1 1 8 14 5 3 1 2 18 11 2 16 
13 5 5 2 16 15 5 16 6 4 12 1 
7 5 1 10 6 1 13 2 16 18 4 5 
14 1 15 17 11 8 13 15 6 7 18 14 
5 14 15 11 14 6 9 5 8 14 18 10 
7 4 17 18 12 1 10 3 1 8 9 8 
6 15 7 3 17 12 6 10 12 14 13 12 
5 18 8 15 4 15 7 13 14 16 17 1 
13 8 10 2 7 8 16 15 3 5 17 12 
15 13 16 11 1 13 12 3 7 15 10 10 
10 5 14 12 4 12 7 8 17 4 18 3 
10 8 5 9 9 6 10 14 7 7 13 10 
3 10 5 7 5 13 14 12 13 15 8 11 
6 14 13 5 3 4 18 13 9 9 4 14 
15 9 3 13 15 1 10 5 11 8 14 12 
17 9 6 7 14 18 18 2 1 15 11 7 
10 8 6 9 13 11 3 14 1 6 7 15 
11 6 3 6 17 16 4 15 1 5 2 14 
12 7 2 16 12 3 17 17 5 4 4 10 
4 15 14 16 9 9 4 10 9 15 6 17 
4 11 2 18 5 7 11 5 11 2 15 10 
15 13 18 1 9 1 8 17 15 6 13 7 
10 14 8 17 3 15 2 7 7 6 4 8 
3 2 1 3 1 1 7 13 13 3 8 13 
11 16 2 18 9 1 5 2 1 3 7 1 
3 13 6 9 5 1 1 3 12 14 10 1 
5 12 1 17 12 5 1 9 1 18 7 2 
6 10 8 1 17 3 3 14 12 17 17 13 
18 6 9 16 4 2 3 7 14 14 3 7 
15 10 16 11 14 8 4 12 13 12 13 8 
10 18 18 4 5 4 6 6 5 11 5 15 
8 18 9 7 10 1 16 16 3 17 16 2 
2 4 12 5 15 7 9 13 1 15 1 12 
7 14 17 8 17 8 12 2 1 15 8 14 
14 3 15 9 7 7 17 5 14 10 13 1 
6 11 16 9 13 10 6 1 17 1 12 9 
