100
1 2 2 2 4 6 6 9 9 
4 5 5 9 11 12 12 13 13 
3 3 4 5 10 10 10 11 12 
1 3 3 3 4 5 5 9 11 
2 4 8 8 8 11 11 11 12 
1 1 2 2 4 4 7 9 13 
6 7 8 8 8 11 11 12 13 
3 3 3 4 4 5 7 10 12 
1 5 6 6 8 9 9 10 12 
2 2 4 5 5 6 8 11 13 
2 3 4 7 7 8 10 11 12 
5 6 6 7 7 7 7 11 11 
1 2 3 4 5 7 9 9 10 
3 5 8 8 9 11 12 13 13 
1 1 6 8 8 10 11 11 11 
7 7 7 7 9 10 11 11 11 
1 1 3 3 7 9 10 11 11 
1 2 3 10 10 11 11 13 13 
2 2 3 3 4 9 9 12 12 
4 5 8 9 9 9 10 11 13 
3 4 4 6 7 7 7 13 13 
3 5 6 6 7 7 7 12 13 
5 5 5 6 6 6 6 6 10 
3 3 4 5 6 11 11 11 11 
1 4 7 7 7 8 8 11 12 
1 1 1 2 6 11 11 11 13 
4 6 6 6 6 10 11 11 13 
2 2 4 7 7 8 11 13 13 
1 3 4 5 9 9 10 13 13 
2 6 8 9 9 11 13 13 13 
2 4 5 5 5 5 5 5 11 
3 3 3 4 5 8 9 10 11 
1 2 3 6 9 9 9 9 10 
1 2 8 8 8 9 11 11 11 
4 5 7 7 7 7 9 9 10 
2 6 7 8 9 9 9 13 13 
2 2 5 7 7 8 8 9 11 
2 3 4 6 11 11 12 13 13 
1 1 4 4 5 6 9 11 13 
1 6 7 8 8 8 9 11 12 
1 5 6 6 8 12 12 13 13 
2 2 2 3 3 5 7 7 8 
1 1 2 2 3 8 8 12 13 
2 6 6 7 7 7 10 10 12 
1 1 1 1 1 4 4 8 13 
1 1 1 2 5 6 6 9 9 
1 1 6 6 8 9 9 9 13 
1 1 1 3 4 9 12 12 13 
3 4 6 8 9 13 13 13 13 
1 1 3 3 3 3 7 7 10 
8 8 8 10 10 10 10 11 11 
2 5 5 6 7 7 9 9 13 
2 2 3 3 9 11 12 12 13 
1 2 6 6 6 8 9 9 9 
2 7 8 9 9 9 9 11 12 
3 5 5 7 7 9 9 12 12 
1 2 4 5 7 11 13 13 13 
2 2 4 6 13 13 13 13 13 
1 3 3 5 7 8 11 12 12 
3 4 6 6 8 9 10 10 12 
1 1 2 4 5 5 5 9 12 
3 3 5 5 7 8 10 10 13 
3 10 10 10 11 12 12 12 13 
1 3 5 5 6 8 10 12 13 
3 5 9 9 9 9 10 12 13 
1 1 2 2 2 3 10 13 13 
1 2 2 2 3 3 8 12 13 
1 1 3 4 5 6 6 7 12 
7 7 7 7 8 8 12 13 13 
4 7 7 8 12 12 12 12 12 
5 5 5 5 6 6 7 11 13 
2 2 5 5 7 8 9 11 13 
5 5 7 7 9 9 11 12 12 
1 6 6 6 6 7 10 13 13 
1 1 7 7 9 11 12 12 12 
3 4 5 6 9 10 11 11 12 
1 2 3 3 4 5 8 11 13 
1 3 3 4 4 8 8 8 10 
4 8 11 11 11 12 12 13 13 
3 3 4 4 9 11 11 12 13 
1 3 5 5 6 7 7 7 12 
1 1 2 4 4 6 8 13 13 
1 7 7 9 12 12 12 13 13 
4 6 6 8 8 8 8 11 12 
6 6 6 7 8 11 11 13 13 
4 6 6 6 8 10 10 11 12 
1 1 2 3 6 7 9 9 10 
2 5 5 5 6 11 11 11 13 
1 1 2 2 2 2 2 7 13 
2 2 3 3 3 8 9 9 10 
2 6 6 7 8 8 11 12 12 
2 2 3 8 10 10 10 12 12 
2 2 2 3 5 5 10 10 12 
1 1 1 2 2 2 4 8 13 
1 1 1 1 3 4 5 11 13 
2 2 2 3 3 6 12 12 13 
1 2 2 4 4 5 12 12 13 
6 6 6 7 9 11 11 11 13 
4 6 7 7 7 13 13 13 13 
1 2 2 2 3 4 6 8 8 
8 7 7 5 6 3 7 4 3 
6 11 1 2 6 8 3 2 11 
8 4 7 7 10 3 11 9 1 
12 8 9 5 8 6 2 3 3 
7 3 6 2 3 12 8 10 11 
4 7 9 5 6 13 4 8 11 
2 11 5 13 9 3 12 9 1 
8 12 2 13 8 10 5 8 6 
3 1 8 5 4 12 8 8 11 
12 7 13 9 12 10 1 3 4 
7 9 11 4 3 11 10 11 9 
1 12 3 12 13 12 12 13 9 
12 8 7 2 2 13 5 4 7 
9 10 5 4 5 8 3 7 5 
9 12 5 4 10 12 9 4 1 
2 2 9 2 6 9 10 7 1 
8 3 11 6 12 10 9 10 7 
10 1 6 3 6 2 1 10 5 
3 5 1 10 10 12 1 11 2 
13 13 9 13 10 13 12 8 1 
7 2 9 13 9 12 12 12 7 
1 7 7 11 4 4 8 1 10 
1 11 1 10 5 12 10 11 8 
7 11 6 2 1 5 6 8 13 
7 3 13 1 4 10 12 6 9 
13 9 12 1 1 9 2 4 3 
8 4 2 5 3 4 5 4 11 
9 13 3 3 12 5 4 3 6 
1 10 3 10 13 6 10 10 8 
3 7 7 2 13 5 12 7 5 
6 10 8 6 4 1 10 12 2 
5 10 11 12 3 11 7 6 1 
3 3 8 2 6 7 6 1 4 
11 8 9 3 6 3 1 9 5 
7 7 3 13 13 11 12 3 12 
5 2 3 11 1 8 2 12 5 
4 9 10 13 8 6 1 13 5 
5 9 5 7 6 9 11 4 4 
10 12 11 13 1 12 1 8 12 
3 4 10 1 10 9 1 8 13 
12 4 4 2 5 5 3 4 2 
1 10 12 2 2 8 12 9 2 
10 11 5 4 13 9 7 5 5 
7 10 5 8 8 10 13 6 7 
2 6 12 9 11 12 5 7 2 
12 12 3 13 3 13 2 4 12 
3 2 4 5 11 7 10 3 11 
9 11 3 10 3 2 11 6 11 
11 1 8 7 4 10 10 3 6 
6 2 10 7 6 7 11 11 2 
3 3 5 6 5 1 11 6 12 
12 4 10 10 10 2 1 7 9 
4 11 4 11 6 1 2 13 10 
4 3 3 12 7 4 10 6 3 
6 1 9 10 12 8 2 8 6 
6 1 10 9 4 1 12 1 10 
6 5 6 8 9 13 11 1 8 
9 12 11 1 8 1 7 1 9 
12 8 8 12 2 9 3 6 8 
7 10 4 5 4 4 7 1 6 
5 11 11 3 3 13 7 2 7 
11 6 6 10 1 12 2 13 9 
12 6 1 11 6 11 10 4 1 
6 9 3 3 7 13 9 3 4 
7 10 3 7 7 10 8 8 12 
3 6 5 10 10 12 7 6 4 
3 4 7 4 1 12 6 11 10 
12 5 9 6 13 11 12 4 9 
3 9 2 9 1 2 4 11 8 
5 1 8 7 13 9 6 6 7 
11 2 8 3 9 3 11 3 12 
9 8 7 2 10 1 1 4 9 
7 12 6 11 7 11 1 1 10 
4 13 13 9 10 5 5 11 12 
8 12 11 4 11 6 11 2 4 
1 12 11 10 10 4 4 13 9 
11 6 9 1 4 10 1 4 2 
13 6 2 8 6 7 1 6 7 
7 6 8 4 12 10 8 10 10 
4 4 6 10 7 2 4 11 2 
7 12 9 1 2 9 2 10 1 
6 5 6 8 13 9 10 9 11 
8 3 1 3 7 11 1 10 1 
5 1 1 11 2 9 11 6 10 
11 4 1 1 6 9 4 3 12 
13 12 5 7 5 13 6 8 10 
9 4 7 12 2 3 13 5 5 
4 13 9 7 12 1 12 3 12 
11 12 6 3 12 9 4 2 8 
6 11 2 12 7 9 8 3 4 
6 4 11 10 12 4 12 13 9 
5 4 8 9 13 2 13 2 10 
1 8 11 11 3 10 1 11 11 
9 7 11 5 8 11 7 12 3 
7 9 3 2 8 12 10 6 3 
4 3 5 11 10 12 13 7 5 
9 12 1 5 3 10 4 9 3 
5 12 11 9 13 5 9 9 8 
6 13 11 9 10 8 3 12 11 
13 9 7 8 4 13 12 1 1 
