1000
4 29 34 10 15 31 6 12 21 19 23 27 
30 6 16 20 18 25 33 4 28 35 2 12 
18 24 14 20 27 35 5 16 33 22 3 8 
30 35 5 21 14 1 32 19 11 9 16 24 
19 6 15 17 4 30 2 24 28 32 35 21 
22 20 4 2 29 25 27 13 8 33 18 6 
12 20 9 29 5 14 1 24 22 26 36 33 
6 19 31 15 2 17 10 35 23 12 21 26 
32 3 29 34 15 8 22 36 6 20 27 11 
32 18 5 1 22 27 20 30 16 9 36 3 
25 12 27 19 30 35 17 9 23 7 5 15 
25 1 7 18 30 4 23 36 9 32 11 14 
32 3 16 25 1 30 19 9 23 21 5 7 
25 23 5 9 36 33 16 11 28 18 2 21 
26 21 1 30 18 36 28 6 12 14 34 24 
14 34 30 32 23 6 25 18 8 27 36 12 
32 21 30 34 7 12 25 3 36 1 18 16 
14 4 21 16 10 29 23 2 33 35 8 26 
28 15 24 6 21 31 33 36 9 18 2 4 
18 5 8 34 30 14 24 1 26 11 28 22 
8 18 21 35 12 3 33 29 6 16 1 23 
16 11 3 27 31 1 21 8 24 13 34 29 
19 27 15 10 21 29 23 6 4 34 31 13 
6 22 24 1 8 35 17 20 31 15 29 33 
15 35 10 26 30 28 3 5 1 32 21 18 
36 18 28 6 20 34 22 4 9 30 25 11 
16 33 10 21 2 18 31 4 35 7 23 25 
16 1 27 12 5 30 14 33 18 3 7 36 
6 2 8 17 13 15 34 10 21 19 29 24 
9 25 30 13 21 5 16 28 33 35 23 11 
6 3 24 33 18 26 16 8 28 14 22 12 
11 36 14 34 4 16 19 2 31 26 7 23 
20 9 1 36 34 11 3 29 31 13 22 17 
3 6 12 26 29 9 21 19 14 34 23 17 
8 35 10 16 24 31 3 5 22 20 14 1 
13 34 26 6 24 15 4 2 29 21 31 8 
27 5 15 2 17 11 9 21 29 7 36 25 
3 31 19 12 5 26 36 14 28 17 22 9 
8 5 29 31 36 11 23 34 15 17 27 3 
23 28 19 4 21 7 1 34 16 12 9 26 
35 17 4 11 22 6 26 15 24 20 13 31 
5 33 3 8 12 19 16 27 21 29 10 14 
7 32 28 4 12 16 1 25 23 35 14 19 
24 20 11 33 28 22 13 36 1 26 4 30 
21 17 1 25 30 13 23 33 9 36 15 4 
17 4 29 10 22 27 13 6 31 1 20 35 
30 32 9 28 35 1 22 25 15 12 19 5 
29 1 16 32 7 36 18 20 13 5 34 22 
19 14 3 30 22 11 24 28 26 7 9 16 
22 4 11 16 29 31 24 26 6 20 35 9 
33 23 30 7 25 18 36 15 3 28 9 12 
17 20 27 15 23 10 7 35 2 5 13 29 
36 33 27 29 20 18 9 1 31 7 5 15 
30 4 19 27 32 6 16 34 36 12 2 21 
22 5 20 25 11 9 7 1 36 18 3 28 
26 15 4 36 12 10 20 31 8 28 24 1 
30 7 14 32 20 1 12 3 23 9 27 35 
1 4 35 29 24 20 17 26 22 11 9 15 
14 17 19 1 33 21 25 12 30 3 8 27 
5 2 19 13 28 10 30 8 24 17 32 26 
4 17 29 14 19 11 25 2 33 36 27 9 
25 3 8 21 15 19 28 34 5 10 36 31 
12 25 18 31 7 28 20 1 15 35 5 10 
35 15 9 13 22 5 28 20 7 24 3 33 
8 11 27 30 1 3 6 14 32 25 23 18 
15 19 25 5 23 36 9 34 7 11 3 32 
6 10 27 34 18 16 25 31 12 21 2 36 
30 19 32 6 26 22 10 34 13 36 24 2 
8 12 29 1 20 6 15 27 23 18 4 34 
1 31 12 34 8 20 29 3 5 36 22 14 
30 35 20 4 32 28 16 24 1 18 7 10 
17 35 33 15 28 20 25 23 12 6 31 2 
24 13 2 29 10 7 15 32 4 21 34 27 
5 7 36 22 34 1 14 25 17 31 3 29 
10 5 20 18 12 32 15 28 26 23 30 3 
34 17 8 22 11 13 36 6 1 24 28 3 
32 18 30 7 3 9 28 5 26 12 16 20 
15 32 23 10 26 21 34 1 29 18 13 5 
36 33 11 21 15 17 9 28 19 13 26 24 
17 1 11 7 3 5 33 15 20 29 31 35 
23 8 27 35 17 3 31 21 10 19 12 1 
12 7 14 30 9 23 1 25 35 21 28 5 
8 5 32 22 36 16 26 2 10 24 18 29 
9 23 4 21 34 14 29 7 1 18 12 36 
25 9 23 16 7 29 27 34 4 32 2 14 
32 3 8 14 10 22 16 30 28 5 26 19 
11 24 19 13 3 1 17 8 21 31 5 33 
3 22 10 36 27 1 34 8 19 6 16 32 
4 22 2 6 20 28 24 36 32 8 26 18 
26 3 21 35 1 10 8 23 19 14 6 30 
36 7 5 16 11 1 23 9 21 34 13 18 
32 30 9 22 16 2 25 36 20 6 4 13 
30 9 27 3 11 1 14 24 7 22 16 34 
9 28 16 22 36 4 7 12 1 14 33 25 
6 33 36 8 26 19 10 2 22 31 12 17 
1 19 10 31 22 5 13 24 29 36 15 26 
18 14 6 26 32 16 12 35 22 4 8 20 
34 3 15 7 17 32 20 30 10 12 22 36 
18 26 3 9 36 33 31 24 7 13 29 16 
25 1 20 30 18 14 8 28 3 10 22 35 
32 7 16 30 11 3 20 18 35 22 14 9 
12 4 8 36 22 6 34 31 26 28 16 2 
28 6 9 14 4 36 16 20 1 12 18 32 
14 12 22 3 36 32 34 26 17 6 20 9 
14 22 4 9 2 36 33 20 25 16 18 27 
19 31 9 23 12 3 29 1 33 14 21 26 
26 23 6 21 34 8 30 28 16 36 14 18 
16 25 18 13 29 32 5 7 10 36 1 27 
16 29 8 32 18 12 26 2 10 14 20 24 
33 25 29 2 13 17 31 10 8 4 19 21 
29 12 6 27 16 22 18 3 32 36 34 1 
32 26 35 28 4 30 13 2 19 24 9 17 
31 26 20 8 1 24 34 3 28 12 16 36 
23 31 11 29 26 8 6 4 18 16 21 33 
26 29 2 32 10 23 5 21 36 16 14 7 
31 10 14 12 16 23 27 29 25 34 19 3 
23 14 35 33 19 25 10 27 6 1 3 29 
30 8 13 26 18 6 15 28 10 36 23 2 
30 7 34 15 9 19 24 2 36 28 32 21 
33 8 17 12 14 26 19 1 24 22 35 6 
6 18 28 11 4 1 24 33 30 13 26 9 
19 27 22 6 17 13 24 30 1 11 15 3 
28 2 14 36 8 34 24 18 4 30 6 32 
28 30 26 22 35 9 3 12 24 14 33 19 
30 6 21 1 25 28 13 10 4 34 18 15 
31 35 21 5 10 28 19 3 26 14 33 1 
31 34 6 18 23 29 16 10 13 1 4 20 
36 23 28 31 1 5 9 15 17 13 3 25 
25 9 20 33 27 22 29 7 16 31 12 36 
32 30 2 20 6 27 36 11 13 8 18 23 
27 6 14 9 11 16 29 33 19 24 1 35 
5 8 34 19 28 22 16 12 31 2 14 25 
7 19 2 16 26 21 12 14 10 35 4 24 
9 7 26 1 12 34 18 36 20 28 4 14 
20 8 11 29 3 23 27 16 18 6 31 13 
8 32 20 18 16 30 22 4 36 6 10 34 
21 23 17 32 9 12 29 4 36 34 27 7 
3 9 19 32 36 30 21 28 12 24 14 16 
18 26 33 8 24 28 6 10 15 31 36 21 
1 20 25 17 6 13 10 34 36 29 27 31 
10 13 30 15 24 35 1 18 26 20 5 32 
31 34 1 36 21 13 17 11 28 19 7 3 
1 29 34 7 9 12 18 24 15 36 21 32 
7 25 33 1 5 3 9 18 28 22 13 36 
10 6 4 1 8 21 24 12 35 17 15 29 
36 30 9 3 28 11 32 25 34 14 23 17 
35 16 14 23 2 10 27 8 25 6 20 29 
8 21 13 32 19 10 24 36 17 5 15 26 
19 28 21 11 32 8 16 25 14 1 6 30 
7 24 29 27 22 3 10 33 31 20 5 36 
16 20 25 36 5 33 9 1 11 18 29 27 
9 11 2 21 36 23 34 26 7 15 28 30 
23 36 20 11 28 17 15 33 4 30 7 25 
29 16 22 25 14 12 6 27 18 20 33 1 
1 23 15 35 26 9 7 5 29 21 13 17 
36 30 25 7 10 27 14 4 1 12 17 20 
19 2 15 11 21 34 36 6 25 8 32 27 
16 13 6 29 34 22 9 4 32 18 26 20 
29 7 12 36 5 14 27 1 19 3 24 33 
29 20 14 22 35 3 5 31 26 12 17 9 
30 21 1 7 36 32 17 19 15 4 11 25 
23 16 35 32 1 27 7 3 25 30 20 9 
19 28 13 6 1 22 15 11 26 24 9 36 
10 27 6 36 3 23 8 31 15 29 20 17 
31 16 14 10 3 12 35 7 22 20 29 1 
13 28 18 8 11 34 2 30 6 36 23 16 
17 22 27 1 35 10 4 19 7 32 14 25 
10 7 32 14 12 36 29 23 19 16 21 2 
22 25 1 30 28 34 7 16 32 19 14 11 
24 19 21 7 26 1 36 3 5 30 13 11 
11 7 3 23 26 29 1 21 16 5 36 34 
12 24 18 2 8 30 15 35 33 22 4 10 
36 25 21 14 33 1 29 31 16 5 27 23 
5 28 26 17 1 35 32 24 10 19 30 15 
30 19 17 15 21 1 13 24 6 35 26 32 
35 14 7 20 5 12 1 3 27 10 18 31 
23 9 32 34 15 7 2 21 36 19 4 13 
34 26 28 3 1 17 5 7 32 23 21 15 
4 29 2 22 24 6 19 15 13 33 36 10 
35 33 28 9 20 17 24 12 6 22 31 4 
31 18 6 34 4 8 14 36 22 24 1 28 
15 27 5 31 21 25 2 35 12 7 18 33 
10 6 26 15 13 4 2 8 22 29 36 19 
19 34 23 11 29 9 15 13 4 32 27 21 
30 19 36 28 6 25 23 4 16 21 33 9 
9 16 19 36 27 29 6 1 23 25 4 21 
29 16 1 11 5 24 18 13 7 22 3 9 
34 3 5 7 30 17 28 12 9 21 25 19 
7 33 16 18 20 12 22 35 4 2 14 26 
6 22 19 12 31 8 14 35 26 2 10 17 
27 19 34 36 9 2 30 17 32 24 6 21 
17 36 12 9 4 15 20 31 6 25 1 29 
12 7 23 33 21 26 4 2 19 15 35 29 
15 9 28 31 2 33 26 11 22 18 4 7 
2 35 21 30 28 11 7 16 14 25 18 33 
16 11 5 27 18 23 34 8 14 32 36 1 
23 5 20 34 3 18 7 26 30 16 1 32 
20 27 24 18 22 31 16 14 5 7 35 33 
17 36 15 27 25 29 34 10 32 12 8 20 
34 27 7 16 29 36 25 2 11 13 22 4 
23 31 18 1 29 14 25 35 21 4 33 6 
26 9 14 2 34 36 22 12 24 31 5 20 
17 29 27 32 25 5 3 35 21 8 12 10 
9 12 17 5 14 24 32 35 21 28 19 7 
36 30 28 5 13 2 26 33 9 16 18 23 
26 8 29 34 4 31 13 17 20 22 6 11 
14 9 32 29 3 6 18 20 1 35 22 11 
23 26 1 34 36 32 18 8 11 16 3 20 
22 15 35 11 9 28 1 6 26 18 13 20 
26 22 11 28 4 13 6 33 35 2 15 9 
34 9 21 4 1 27 13 18 25 36 29 32 
19 27 6 14 11 25 2 32 22 35 30 17 
36 22 28 30 7 4 12 1 24 14 9 26 
12 14 23 32 27 30 4 36 2 6 18 25 
25 34 13 22 3 1 5 30 15 32 17 9 
8 34 11 22 28 24 6 14 4 36 26 32 
3 7 17 13 31 1 9 23 5 27 21 25 
11 23 32 8 16 13 34 30 20 2 27 36 
36 27 15 25 20 33 13 22 1 30 3 7 
1 27 22 20 36 10 18 31 3 5 13 34 
34 6 31 29 10 24 8 27 20 4 15 13 
27 7 13 18 16 23 29 20 11 34 25 32 
25 3 29 22 11 15 36 34 18 9 7 1 
16 36 34 20 4 6 18 23 31 11 1 13 
2 7 26 36 17 23 29 14 19 31 33 21 
11 1 15 23 9 6 33 28 30 18 35 3 
17 30 34 21 28 24 6 19 12 1 14 3 
18 20 16 33 10 25 13 4 6 1 30 35 
22 14 34 31 12 10 28 36 25 8 17 6 
1 31 16 5 36 26 23 10 29 33 7 21 
5 16 21 27 8 25 13 19 10 3 36 34 
31 18 11 8 13 5 25 20 27 22 3 1 
33 14 5 16 21 12 30 9 26 24 1 35 
16 19 9 23 28 13 25 11 33 1 31 35 
32 11 34 8 20 24 14 17 22 30 26 2 
29 2 6 12 36 25 4 21 27 19 17 33 
1 24 16 32 6 36 10 18 12 14 20 26 
14 27 16 1 8 22 36 29 5 3 12 19 
28 9 7 1 24 36 5 26 3 12 21 19 
1 14 35 16 6 11 33 21 8 31 25 23 
10 34 6 12 8 28 20 25 1 4 32 23 
17 14 10 23 35 27 21 2 12 33 31 8 
11 20 2 17 15 25 13 29 5 36 9 33 
25 29 1 36 21 3 19 14 12 33 31 7 
11 29 9 25 18 13 27 15 4 34 36 7 
17 23 20 36 26 9 3 33 1 5 29 31 
11 17 14 28 30 36 32 3 24 34 1 26 
25 16 27 3 9 32 7 1 29 20 5 35 
34 5 28 19 7 21 11 3 9 32 24 14 
16 11 9 19 2 6 30 34 36 23 26 28 
26 14 17 8 20 11 3 32 22 36 1 29 
36 3 1 5 34 20 7 29 22 16 9 26 
14 33 17 26 36 10 5 12 30 19 7 22 
8 17 28 20 36 10 26 1 15 4 24 32 
22 15 1 9 30 19 13 33 24 7 11 28 
11 20 34 29 36 31 8 24 14 16 6 22 
34 16 21 27 3 30 18 32 24 36 8 1 
29 15 33 17 4 22 24 13 6 10 8 20 
36 14 23 29 9 2 21 11 4 31 18 26 
10 12 33 36 1 31 20 4 15 25 6 29 
23 36 26 13 8 21 19 5 28 31 10 17 
17 35 23 31 28 6 12 19 25 10 4 33 
2 16 14 34 31 29 12 7 23 25 21 4 
20 25 29 36 22 15 18 5 7 11 13 9 
27 36 7 23 10 13 18 20 3 5 1 30 
32 8 11 34 19 28 5 22 13 17 36 26 
35 27 9 29 6 17 19 32 21 11 23 14 
12 28 18 3 26 35 31 14 24 9 21 6 
20 33 8 31 15 28 17 24 22 3 10 12 
35 20 22 24 10 6 26 1 4 31 13 28 
4 24 19 1 6 14 22 31 28 17 34 26 
14 17 26 7 9 28 2 4 24 30 35 12 
14 23 36 3 21 1 33 29 18 6 9 16 
36 20 7 9 26 16 11 23 29 32 13 3 
29 19 22 1 36 4 9 31 12 17 24 6 
8 17 19 36 4 30 12 10 34 27 14 21 
35 9 32 24 17 21 5 7 26 2 11 30 
14 28 10 21 12 8 6 1 23 34 36 4 
28 3 32 35 5 18 23 16 14 12 1 25 
30 28 1 36 3 14 32 20 23 16 5 11 
3 27 30 32 8 5 34 19 11 36 22 24 
14 10 8 24 1 4 22 16 33 12 20 27 
20 11 29 15 1 36 23 8 33 3 6 17 
16 11 4 9 20 32 6 1 13 30 34 24 
23 36 31 18 27 11 29 33 14 21 25 9 
27 36 23 11 32 6 9 14 19 2 30 16 
22 6 12 20 14 2 4 25 9 36 16 33 
9 4 28 32 30 7 25 11 14 22 34 2 
2 6 30 11 15 9 22 13 33 26 4 17 
4 10 8 1 18 13 6 32 35 23 25 29 
10 8 1 14 36 19 6 17 32 4 12 24 
9 24 7 29 12 33 1 18 22 26 36 15 
24 17 4 28 33 13 19 21 15 35 10 7 
32 24 29 12 17 19 1 10 6 22 14 26 
3 16 26 24 8 30 32 19 34 14 5 12 
27 22 24 20 11 14 6 36 9 31 16 3 
30 8 1 22 11 20 17 36 5 28 24 26 
20 30 32 15 17 36 13 23 25 34 2 5 
36 4 8 24 32 18 14 30 27 10 20 2 
14 4 17 12 36 9 22 27 29 20 7 34 
18 29 26 13 32 11 24 9 22 5 15 35 
32 30 6 11 13 9 20 17 22 26 34 24 
20 34 29 4 25 11 13 6 9 31 15 23 
14 11 19 35 3 9 30 5 17 28 7 21 
35 14 16 1 18 21 31 8 23 29 33 11 
25 14 19 22 11 16 2 5 29 27 33 7 
33 27 18 1 24 36 3 20 16 7 29 31 
23 17 27 15 1 31 36 11 29 33 20 6 
12 5 25 28 10 7 19 32 36 22 14 30 
15 19 12 23 33 1 7 10 27 25 4 36 
10 3 16 32 23 19 36 26 5 21 28 1 
15 31 13 6 17 8 24 10 22 35 20 2 
31 14 9 11 3 24 36 33 21 27 18 5 
33 22 31 6 28 10 16 18 24 4 36 2 
33 1 23 26 17 12 14 4 19 10 31 29 
14 3 16 11 27 1 25 30 19 35 23 9 
5 28 33 18 8 24 30 3 20 13 16 26 
33 23 3 31 25 1 9 11 36 28 16 6 
12 19 28 8 21 30 36 15 10 3 17 24 
31 33 8 21 25 17 5 3 12 10 28 35 
17 28 34 26 23 11 15 31 8 1 36 5 
36 25 15 2 28 20 32 30 22 17 12 9 
23 14 1 16 21 30 27 3 12 35 9 32 
5 10 36 7 34 15 21 23 28 30 26 18 
2 7 5 13 16 9 27 21 11 35 18 32 
21 32 16 24 8 10 18 30 27 1 3 34 
33 9 14 1 7 29 19 24 5 31 26 22 
15 5 24 19 10 28 22 17 36 1 26 12 
19 24 33 14 29 4 35 7 12 9 22 31 
1 23 15 34 21 6 25 32 10 8 18 36 
18 29 26 6 12 2 14 16 32 36 20 9 
14 23 17 34 1 11 27 3 19 8 21 29 
27 13 17 20 2 7 32 22 11 36 9 25 
10 15 2 36 17 6 22 29 25 31 27 20 
11 15 20 9 27 1 32 4 17 23 35 13 
2 23 21 15 27 25 6 33 29 31 4 19 
20 4 24 13 7 31 36 18 15 34 2 28 
25 32 18 8 15 12 36 2 23 34 6 20 
3 33 30 1 6 11 23 35 27 9 20 16 
29 34 27 5 36 24 12 10 32 15 2 20 
5 7 36 30 27 15 9 22 24 2 20 32 
10 30 5 32 26 8 20 23 36 18 1 15 
5 27 21 9 14 23 30 35 3 12 1 16 
5 20 9 15 30 22 34 18 32 7 1 24 
33 6 15 36 19 30 1 10 21 28 4 8 
10 30 1 21 36 18 27 8 14 32 3 16 
27 3 16 9 14 11 30 36 1 7 32 20 
10 12 5 3 1 22 18 31 27 29 33 8 
15 21 9 11 13 24 19 27 7 3 30 5 
11 13 4 22 16 26 9 7 29 36 34 1 
28 7 5 34 13 26 18 9 22 2 30 20 
36 14 7 11 29 33 27 18 5 20 25 9 
20 30 28 23 5 16 35 12 14 32 10 3 
11 14 18 25 3 9 34 23 32 21 28 6 
4 28 32 1 15 7 30 26 17 20 22 10 
36 12 2 16 34 20 28 30 10 6 32 22 
3 26 1 18 33 13 28 6 20 9 23 16 
16 33 35 3 14 8 31 28 11 24 18 5 
25 21 6 8 27 15 19 4 10 13 30 33 
36 27 5 16 31 24 20 9 22 18 12 2 
15 24 2 7 33 11 13 30 19 5 22 26 
20 10 22 24 28 32 14 18 16 12 6 30 
34 26 18 31 9 24 7 11 20 13 22 16 
31 9 36 33 24 22 2 18 4 15 13 27 
14 19 25 1 10 31 16 8 3 12 21 23 
7 21 19 3 30 35 14 32 28 1 16 26 
14 36 24 28 34 1 5 22 11 30 20 26 
9 12 1 23 32 21 27 7 17 4 35 14 
23 25 8 1 34 36 20 6 30 13 17 27 
5 22 26 24 18 3 1 13 7 15 31 35 
7 26 31 36 17 23 2 15 28 19 11 9 
17 2 35 23 27 6 13 4 33 15 19 9 
8 6 4 34 36 27 12 19 10 21 32 30 
11 23 25 17 35 14 1 30 20 4 33 7 
9 33 31 23 6 27 1 11 25 29 4 20 
19 17 21 11 6 26 14 24 1 8 31 4 
29 35 6 18 24 11 32 26 14 9 2 16 
1 34 16 26 3 11 13 28 23 5 21 18 
27 13 36 23 8 19 15 29 17 31 25 6 
8 10 3 1 35 19 17 14 33 25 23 31 
35 24 28 9 11 1 17 13 33 30 20 26 
11 21 23 18 29 13 33 31 25 36 27 2 
31 18 16 20 4 36 12 29 27 34 6 24 
36 6 18 13 34 23 2 11 16 9 21 28 
24 19 6 10 29 34 13 16 1 21 26 8 
28 23 11 15 13 4 2 19 33 36 17 6 
20 15 27 10 2 29 8 4 22 32 6 35 
26 16 30 13 19 28 11 22 24 3 33 1 
28 11 30 22 26 33 5 36 15 7 24 20 
6 22 20 4 18 9 1 31 11 35 26 13 
24 19 27 17 36 32 34 5 21 11 29 14 
33 23 27 29 25 2 13 21 17 36 15 6 
2 35 11 15 20 28 8 31 18 33 24 13 
34 27 36 15 32 5 25 8 1 11 23 21 
16 25 11 4 19 30 33 35 7 28 22 14 
27 5 3 17 11 34 8 29 1 23 31 36 
9 6 32 16 26 3 18 20 11 1 22 24 
9 32 26 15 24 30 35 17 20 7 2 4 
16 11 31 26 35 2 9 7 5 19 29 23 
18 29 24 14 2 27 21 4 31 16 10 33 
7 32 36 9 20 3 22 25 18 1 15 11 
27 1 24 17 5 11 19 21 9 15 36 29 
32 8 6 23 14 4 25 34 16 21 28 19 
3 21 31 36 19 23 25 14 11 1 28 5 
32 1 34 36 21 25 7 19 13 10 4 28 
30 24 12 22 7 4 33 19 36 26 17 10 
9 3 32 30 7 22 34 25 36 12 20 14 
2 4 19 8 34 32 21 30 13 36 26 10 
13 32 30 21 5 23 19 15 27 8 25 1 
5 7 1 29 32 14 12 34 26 22 3 20 
8 33 23 27 19 17 25 11 13 21 31 6 
18 32 10 27 25 16 6 12 35 1 8 3 
13 3 32 1 15 22 7 28 34 18 9 24 
7 5 23 33 20 30 25 36 28 17 13 10 
5 29 31 9 27 23 1 21 25 16 36 33 
4 19 15 33 1 24 8 13 35 31 21 28 
8 14 20 23 12 34 29 1 26 32 36 3 
7 28 30 5 9 3 20 11 36 15 24 33 
3 8 34 1 18 36 10 14 16 21 31 26 
2 26 24 20 35 13 15 4 10 33 29 22 
36 6 34 9 1 22 4 30 32 20 25 12 
1 34 21 12 32 29 9 14 27 4 17 25 
22 36 5 20 13 15 24 28 26 30 10 18 
29 5 1 34 12 19 36 7 10 14 26 31 
5 32 15 13 27 29 23 20 18 8 34 1 
4 27 15 11 32 25 19 30 6 22 34 9 
7 14 34 32 21 1 27 25 9 19 17 3 
9 29 13 24 21 5 11 27 19 2 36 16 
11 22 13 19 1 3 32 27 9 24 6 17 
14 7 12 1 17 9 5 25 30 23 3 27 
14 18 27 32 36 7 29 16 10 24 1 5 
27 12 17 36 9 4 30 23 20 7 15 33 
1 23 20 3 8 6 33 15 36 25 30 13 
21 10 29 16 7 27 23 34 36 2 13 32 
19 13 5 11 27 17 21 34 9 23 32 1 
25 17 8 30 12 14 20 2 23 6 34 10 
16 5 33 28 11 35 26 21 23 30 7 13 
26 10 33 22 30 24 35 19 28 15 4 2 
9 1 20 25 6 33 13 31 27 15 29 4 
34 3 32 19 11 36 26 5 24 16 13 30 
16 3 22 26 14 12 24 9 32 36 30 20 
18 1 31 33 9 27 6 36 12 20 16 3 
7 33 35 25 15 4 23 1 18 9 29 21 
26 32 1 30 28 17 14 7 11 20 9 35 
8 13 25 5 18 11 34 15 32 28 22 1 
5 32 2 17 34 9 14 7 12 19 24 27 
17 32 34 4 13 15 26 10 1 24 7 30 
36 31 13 10 28 33 21 3 15 18 8 26 
5 20 13 1 7 33 3 29 18 31 11 15 
21 33 10 6 16 27 30 14 19 25 1 4 
3 6 17 11 1 24 19 34 8 28 22 31 
11 9 35 17 13 2 31 24 27 4 15 33 
26 36 3 12 17 14 30 22 6 28 24 10 
20 36 7 4 32 29 2 34 16 9 14 23 
25 8 22 1 35 4 6 15 27 13 18 33 
26 15 18 32 13 21 36 10 5 34 1 24 
28 20 8 5 18 35 22 16 12 1 31 25 
36 3 18 11 1 9 5 20 23 32 14 26 
31 4 24 15 6 8 21 27 17 13 2 29 
1 7 18 26 5 14 20 22 11 32 29 34 
26 21 2 24 36 16 31 13 33 28 5 9 
11 21 16 18 13 31 29 23 27 7 33 5 
1 3 36 21 34 29 7 27 9 31 14 5 
6 16 19 21 27 8 36 1 31 13 29 34 
17 1 30 32 8 12 14 24 36 21 19 34 
22 2 31 34 18 4 6 24 16 10 28 8 
23 26 12 14 36 3 28 20 5 17 33 1 
2 33 26 20 10 29 24 12 4 35 31 7 
4 22 30 12 28 26 18 15 36 1 24 9 
16 6 33 25 10 20 29 23 3 36 13 8 
32 2 5 22 27 12 7 9 15 25 19 30 
5 2 13 18 23 28 11 8 16 26 33 36 
34 14 16 19 26 21 12 36 28 9 1 24 
15 30 8 36 26 32 19 24 21 28 6 2 
22 15 31 20 26 33 1 13 11 7 5 24 
14 25 34 1 12 9 5 18 20 16 32 29 
12 28 4 26 33 10 19 24 8 36 14 21 
34 28 14 5 26 36 23 3 21 16 7 10 
15 36 23 6 25 10 19 3 12 17 32 1 
19 1 21 30 34 11 27 16 5 36 8 25 
29 14 17 22 11 5 32 19 26 8 3 24 
32 1 18 36 11 4 24 26 22 34 7 30 
14 31 8 16 5 21 12 2 33 28 10 25 
31 33 10 8 20 12 16 27 23 18 14 3 
36 9 22 12 25 3 27 19 1 16 14 31 
27 2 7 31 4 21 12 10 19 29 34 23 
6 32 1 3 21 26 34 28 19 24 12 10 
14 11 25 33 5 17 36 3 23 7 19 21 
26 28 8 18 16 20 33 24 5 36 30 14 
32 3 30 20 34 13 1 26 5 24 18 16 
24 20 32 18 27 16 29 34 1 22 14 36 
19 3 14 16 35 21 9 1 28 24 26 7 
26 20 15 32 5 30 11 9 35 22 17 2 
33 18 15 36 20 9 30 23 1 27 13 4 
30 28 20 23 9 14 25 4 34 1 12 16 
13 32 26 30 16 9 18 1 4 7 11 24 
17 4 29 21 8 27 31 36 12 2 6 23 
32 20 3 10 29 16 5 27 23 25 34 14 
34 25 20 8 22 32 6 30 36 12 17 14 
25 28 18 35 13 15 10 23 30 4 21 7 
34 5 20 22 30 24 11 26 32 17 3 15 
35 4 2 6 23 18 10 8 25 21 12 14 
11 34 13 16 3 18 8 5 24 1 36 30 
1 3 8 22 31 5 35 11 27 13 20 25 
16 22 11 3 7 1 9 33 35 5 29 26 
36 16 33 28 2 18 21 23 30 11 25 8 
23 11 6 3 25 28 9 16 13 35 31 33 
29 12 18 3 7 34 20 15 5 24 32 10 
5 11 35 14 27 29 25 1 21 33 16 7 
34 18 31 27 22 10 4 6 36 29 25 8 
15 20 4 8 10 35 24 17 6 1 22 27 
1 13 27 23 4 36 33 29 18 10 25 20 
8 13 5 17 27 29 10 34 1 23 20 15 
4 33 10 8 12 16 31 20 36 27 1 22 
27 11 22 2 4 13 31 18 35 7 15 25 
33 29 5 17 15 24 7 2 31 36 11 27 
5 28 21 17 36 24 34 9 32 15 11 13 
36 1 20 32 30 4 7 22 34 26 14 11 
8 3 22 29 36 10 16 20 33 6 1 18 
19 28 10 8 26 15 35 12 22 6 32 24 
15 28 8 4 35 18 33 24 6 1 13 22 
13 6 15 21 33 27 29 4 24 36 19 8 
21 30 32 34 3 25 7 1 36 27 13 11 
2 9 22 27 34 20 13 30 17 15 25 5 
12 24 22 1 5 30 18 33 28 14 7 3 
23 3 30 20 5 1 7 36 13 10 28 15 
6 25 28 15 32 18 23 34 36 21 11 13 
21 28 33 26 8 5 31 16 19 3 35 23 
32 17 25 7 34 11 3 20 14 1 30 9 
4 15 32 30 22 11 6 13 28 25 36 17 
20 22 26 31 12 29 24 17 2 5 15 36 
12 16 33 35 7 27 23 14 25 10 21 5 
18 22 30 4 26 2 8 35 20 14 24 16 
1 4 20 36 27 18 12 32 6 25 30 10 
13 17 22 30 1 11 6 15 4 33 26 8 
19 9 1 23 31 5 11 25 21 3 29 7 
10 8 21 27 3 31 5 33 29 17 24 19 
3 1 25 10 5 36 21 7 34 27 16 12 
19 36 2 23 11 4 34 30 16 6 9 32 
36 4 19 11 17 24 28 34 9 32 21 30 
22 33 31 3 9 15 35 27 24 5 7 17 
21 28 36 15 18 33 5 26 3 8 23 31 
32 1 27 22 7 12 5 24 3 15 29 34 
18 25 15 30 36 8 13 3 5 10 1 27 
26 19 15 35 21 13 29 1 6 10 23 8 
2 35 9 33 27 20 29 24 5 31 13 11 
8 1 22 10 6 34 32 36 13 18 20 26 
25 5 23 7 10 32 30 1 20 35 13 27 
21 2 35 28 6 4 15 17 23 30 26 33 
9 16 13 20 4 28 7 23 1 34 18 11 
24 9 14 1 27 29 18 33 36 11 31 5 
27 34 15 7 19 24 10 3 29 36 32 13 
6 23 32 2 8 12 27 14 36 18 34 21 
32 7 13 17 24 9 1 5 36 11 19 29 
9 31 16 20 5 1 11 18 3 29 7 23 
25 36 29 4 10 6 31 13 27 22 18 33 
24 36 15 30 20 2 8 32 22 4 17 34 
20 31 3 24 29 11 6 1 9 14 36 33 
15 31 13 8 19 1 21 6 3 10 17 25 
15 2 19 10 23 34 32 12 26 30 36 21 
10 31 4 20 17 24 22 26 13 29 35 33 
30 16 6 24 27 14 12 20 3 22 36 8 
2 4 6 12 10 29 35 27 23 14 20 17 
36 26 4 23 2 20 17 31 14 11 7 34 
36 31 4 6 33 29 25 20 2 8 27 22 
13 4 31 27 9 29 15 24 22 11 19 1 
29 35 15 7 9 1 23 4 21 33 11 13 
35 20 7 4 18 27 11 29 25 14 23 1 
31 21 27 16 34 19 3 14 11 23 29 7 
16 32 34 22 5 24 10 20 1 12 8 26 
20 24 28 30 8 16 2 13 4 36 10 26 
24 13 3 1 8 34 30 6 21 26 36 15 
24 27 5 9 16 21 3 29 36 7 12 14 
11 22 9 5 34 24 36 13 19 2 32 26 
24 36 14 7 17 22 29 20 27 5 1 32 
7 18 13 1 36 29 32 20 15 25 5 27 
23 10 16 32 12 7 5 28 30 18 20 14 
18 16 10 20 14 2 30 23 7 36 32 28 
4 9 13 19 22 2 17 29 36 34 7 11 
16 8 2 22 30 20 18 36 4 26 13 28 
2 25 11 36 20 4 32 22 14 6 16 18 
26 17 24 7 20 15 9 28 1 32 3 12 
14 10 1 4 20 27 32 25 34 16 7 29 
3 29 19 24 36 22 14 16 10 8 26 1 
1 25 28 23 5 35 8 16 10 30 18 14 
9 3 15 1 34 25 11 20 5 7 27 31 
24 17 34 6 12 36 1 21 27 19 3 32 
1 35 33 23 9 31 7 13 29 5 16 11 
16 30 9 36 19 14 21 7 24 4 27 34 
29 13 20 32 16 6 26 35 11 4 8 2 
5 21 33 26 17 15 29 19 31 7 2 11 
19 24 4 22 26 11 35 31 6 33 9 16 
36 20 33 16 18 7 14 12 29 26 22 5 
22 3 12 31 36 16 14 20 1 5 28 8 
22 4 11 2 33 7 36 17 19 28 9 25 
5 7 30 28 26 1 3 34 10 16 14 24 
22 34 20 18 31 28 7 36 16 12 2 4 
23 16 8 28 19 14 33 35 11 5 26 2 
14 2 6 4 17 22 11 30 8 35 24 32 
24 28 26 1 3 13 16 21 31 11 34 6 
16 22 26 14 19 28 36 9 32 7 34 11 
3 10 25 31 8 22 1 14 17 29 33 36 
34 19 25 15 36 7 32 11 21 3 30 23 
10 21 8 36 17 25 13 2 32 4 19 29 
28 16 2 7 33 10 4 14 12 30 19 23 
28 21 32 23 3 13 7 30 17 1 5 10 
3 19 34 8 16 29 25 13 1 27 31 5 
23 33 14 5 16 31 7 1 9 3 35 27 
20 26 1 36 11 9 14 4 31 29 24 33 
21 11 28 9 18 35 6 26 1 23 13 33 
17 1 4 23 12 6 29 14 36 19 26 33 
30 18 36 9 13 7 24 5 3 33 20 16 
36 19 5 23 13 16 21 29 7 25 31 9 
29 33 11 6 19 2 21 17 8 36 31 15 
28 7 10 30 35 32 23 1 21 12 19 16 
34 26 6 29 22 2 8 19 13 11 4 31 
12 25 34 21 14 36 27 4 31 8 1 17 
23 36 25 14 27 3 30 34 9 18 20 12 
25 29 2 33 9 20 31 4 6 15 27 23 
36 7 9 26 14 28 21 32 3 24 16 12 
15 35 8 6 32 3 22 24 30 11 26 20 
20 7 36 34 9 24 16 2 29 12 22 14 
23 31 21 12 34 29 6 4 10 18 2 26 
7 2 17 11 24 5 19 15 9 30 26 34 
19 32 26 24 10 35 28 6 17 21 13 8 
27 19 8 23 30 25 14 34 10 21 6 2 
30 18 36 7 1 28 26 20 11 3 15 5 
19 35 10 26 28 5 12 23 7 21 33 16 
28 25 7 5 36 22 14 9 3 20 16 33 
1 20 25 13 31 33 28 18 35 11 22 16 
28 1 25 15 11 20 13 31 23 5 17 8 
16 1 20 35 5 31 18 7 14 10 3 33 
7 14 22 30 2 18 28 26 35 4 32 16 
19 8 22 28 4 2 24 34 14 6 10 26 
35 9 30 20 23 4 18 14 28 1 16 33 
2 27 23 35 11 29 7 5 9 33 19 15 
36 9 25 13 1 18 30 7 5 23 32 15 
28 5 1 7 18 26 34 14 22 32 12 36 
19 6 36 25 13 16 11 21 4 23 31 1 
13 1 20 3 5 17 9 7 22 35 26 28 
29 25 20 14 1 33 3 36 5 12 18 31 
2 16 9 7 4 32 11 27 13 23 34 29 
18 28 30 36 13 7 3 5 26 23 34 10 
36 19 6 31 1 27 15 17 34 29 9 21 
3 9 7 36 11 5 30 34 26 13 21 28 
19 11 16 36 34 8 27 25 3 30 1 14 
29 9 31 15 27 11 19 4 22 36 33 7 
1 19 5 35 27 7 3 30 9 32 12 21 
34 27 21 17 31 13 23 25 36 3 7 29 
5 16 3 26 7 30 14 10 12 1 36 22 
7 15 4 17 25 10 31 13 2 22 20 33 
23 13 21 17 19 33 25 1 6 9 11 4 
10 2 18 8 32 20 14 22 25 35 29 5 
23 31 17 26 12 35 6 3 14 21 8 10 
24 28 30 14 16 11 35 33 1 18 7 5 
12 25 34 20 27 14 36 29 3 32 17 8 
11 26 22 19 1 36 28 6 4 30 33 17 
33 13 35 7 9 31 17 11 5 23 26 19 
31 1 24 20 13 7 36 16 22 11 33 26 
7 33 3 35 23 10 29 17 15 13 31 25 
24 30 20 28 5 18 36 7 1 26 12 32 
9 22 32 36 29 3 14 27 25 11 6 16 
1 34 18 22 15 9 32 24 12 26 29 6 
1 16 33 29 21 7 35 3 5 11 13 19 
3 32 1 18 10 24 36 16 7 20 28 13 
30 20 24 33 36 4 6 27 11 14 8 22 
25 34 21 13 27 10 31 17 8 5 23 29 
6 16 3 14 23 32 11 27 20 29 34 25 
5 8 13 16 32 24 2 27 18 35 11 22 
23 35 17 11 13 1 26 33 31 29 3 8 
36 12 33 22 30 16 19 5 28 24 9 1 
12 8 28 25 1 34 3 30 22 32 36 14 
32 22 3 34 14 25 20 1 7 18 28 36 
7 36 34 9 21 15 26 1 19 12 23 32 
22 20 28 5 25 7 12 18 35 1 33 16 
11 20 9 18 2 35 28 4 6 32 15 13 
9 5 11 21 17 34 15 2 36 13 25 31 
36 11 4 28 34 25 30 9 1 23 16 21 
23 15 34 30 21 12 8 19 32 2 4 26 
9 1 24 31 18 11 33 29 14 3 6 22 
29 9 2 12 36 14 19 31 21 33 4 25 
4 34 11 20 24 22 30 16 26 36 2 9 
14 24 1 27 29 36 7 17 10 3 5 31 
20 9 17 28 36 26 1 13 15 30 6 3 
4 14 29 31 2 19 34 7 17 26 9 24 
32 12 8 34 36 19 15 4 30 28 25 10 
5 19 15 36 32 7 2 21 27 10 30 13 
20 18 28 22 4 25 8 15 30 36 13 11 
3 15 28 10 5 36 22 1 32 19 30 8 
32 35 19 26 8 24 30 2 6 22 10 13 
1 33 36 11 3 26 30 15 19 22 7 24 
28 14 12 34 18 25 3 23 8 21 10 5 
14 5 16 34 9 23 31 18 25 2 21 27 
33 22 35 7 26 11 13 20 3 31 1 24 
31 5 26 9 36 16 1 24 29 22 33 12 
21 11 23 28 7 1 16 14 5 18 34 3 
25 23 19 4 16 36 21 7 34 28 32 2 
27 20 6 1 17 15 13 10 35 25 23 29 
6 15 17 11 30 9 3 13 1 28 20 36 
7 26 17 9 22 5 12 35 1 33 29 20 
16 5 35 26 12 18 2 9 22 33 24 28 
3 17 15 29 8 1 23 33 20 27 5 13 
15 13 3 20 5 9 36 30 22 1 26 17 
1 26 19 31 16 7 4 24 13 10 28 35 
7 12 27 14 25 18 5 32 30 1 23 3 
29 25 31 6 14 16 23 34 9 2 36 19 
25 15 34 21 32 6 17 29 23 10 4 12 
9 24 29 34 6 11 14 22 16 1 18 26 
32 22 17 6 8 15 19 4 34 36 2 25 
16 1 21 19 36 13 4 24 9 28 11 32 
3 16 25 10 8 27 18 33 36 6 31 12 
29 1 6 34 13 15 17 8 22 10 4 27 
19 31 4 34 25 28 21 15 6 10 13 36 
13 2 23 30 17 20 34 15 25 32 36 8 
20 34 23 10 17 14 27 2 6 8 29 32 
16 9 14 5 32 34 25 3 30 7 12 19 
2 29 19 5 21 35 26 31 33 24 15 11 
31 22 27 20 2 9 7 12 33 17 15 36 
8 36 29 31 12 6 19 10 4 15 33 21 
24 12 1 4 17 15 35 26 22 8 28 19 
3 34 26 22 15 10 20 5 18 31 12 1 
1 5 36 28 15 8 18 26 31 34 24 12 
22 11 13 27 16 29 6 19 8 32 36 34 
26 3 1 33 20 11 31 18 22 7 13 35 
18 28 6 8 33 4 36 31 15 2 24 13 
31 36 20 7 22 17 9 15 5 26 2 33 
9 25 4 2 11 28 15 35 17 22 7 20 
16 12 36 26 28 1 24 34 7 31 18 3 
22 14 34 36 6 12 28 32 16 30 24 4 
16 20 4 10 32 1 26 35 12 18 22 28 
15 24 17 19 27 32 22 1 34 5 10 12 
2 23 19 4 29 9 6 21 13 15 26 17 
33 30 3 23 16 27 25 18 11 6 9 13 
12 24 30 1 33 18 4 14 26 9 6 22 
33 18 26 7 36 4 21 1 11 31 29 16 
33 15 9 7 4 36 25 2 17 31 29 20 
27 36 33 31 1 5 13 20 16 18 29 3 
34 28 18 2 7 10 15 26 31 24 22 36 
6 18 27 14 35 30 32 23 25 1 4 21 
28 30 22 9 15 24 1 33 18 12 4 6 
33 31 15 22 17 36 19 26 29 11 2 8 
26 34 10 28 19 12 7 31 21 5 3 23 
35 15 10 19 31 24 33 8 22 12 1 26 
25 6 32 12 14 23 30 35 16 4 21 8 
7 34 17 27 2 25 22 32 12 5 10 14 
27 5 15 7 1 13 32 34 20 29 18 3 
32 3 6 22 18 24 29 20 27 13 36 1 
18 8 29 1 11 23 20 13 3 34 36 27 
14 21 32 3 5 11 18 9 36 27 7 24 
16 5 19 34 23 12 36 7 3 10 26 29 
16 35 2 4 9 20 32 29 22 12 26 14 
33 19 26 30 13 21 2 35 11 9 4 7 
11 7 32 26 3 14 5 16 29 9 34 21 
24 4 32 6 17 12 8 36 21 27 19 1 
11 24 31 5 20 9 3 33 14 22 16 26 
25 32 29 36 1 5 34 15 27 13 10 17 
10 34 25 27 7 21 36 12 30 32 15 2 
32 36 7 9 11 20 5 26 13 28 3 34 
1 31 15 28 36 25 7 34 17 23 13 21 
9 34 5 26 14 32 30 23 21 28 1 36 
1 32 35 3 26 12 24 22 18 16 30 28 
17 8 30 1 20 15 5 33 12 28 3 25 
18 7 22 2 25 16 29 20 10 13 4 27 
25 23 35 3 21 8 29 32 1 10 13 15 
36 6 4 22 32 14 1 12 8 24 26 29 
1 17 30 25 33 3 28 35 14 23 12 19 
34 29 2 31 19 12 25 14 10 7 22 5 
21 3 29 33 9 31 12 26 5 16 18 23 
36 12 28 19 15 17 31 3 9 21 7 25 
6 3 32 34 10 23 36 21 18 8 15 12 
19 21 25 36 5 17 27 30 8 33 15 10 
20 31 36 24 16 33 14 18 29 4 1 6 
31 33 13 27 10 5 22 24 1 19 36 3 
9 24 7 31 19 29 2 36 15 34 4 12 
2 36 11 9 20 4 30 32 18 27 6 15 
6 19 29 36 25 27 22 32 3 17 11 14 
8 11 35 23 30 15 20 18 2 13 28 4 
7 9 15 1 17 11 36 24 33 21 4 26 
16 26 35 4 14 28 33 7 24 31 1 10 
17 32 2 27 30 14 19 7 10 12 24 21 
9 18 28 1 15 30 36 5 13 20 26 24 
29 17 8 19 1 6 13 34 3 23 25 10 
21 35 23 25 13 1 28 8 33 5 3 30 
25 5 16 23 27 34 30 1 10 36 3 18 
9 17 35 22 20 15 24 31 11 3 33 5 
4 26 36 17 23 7 32 10 30 15 2 12 
21 4 32 7 19 23 10 25 36 17 15 12 
28 13 30 17 6 19 22 8 33 10 35 1 
33 17 24 1 12 5 21 30 19 7 10 28 
2 14 9 21 34 32 36 4 23 27 29 6 
33 24 31 18 1 14 16 8 22 28 12 26 
35 5 22 24 13 3 17 32 30 9 7 20 
23 34 7 10 4 17 1 12 36 31 21 26 
18 6 28 10 22 24 32 15 1 26 4 35 
22 13 28 11 9 34 32 15 7 17 4 30 
12 8 36 16 1 19 22 34 27 14 31 10 
30 32 22 36 5 11 28 1 17 14 19 25 
4 2 8 17 29 26 12 10 23 33 35 31 
13 11 28 5 7 26 9 20 36 1 34 3 
25 34 13 5 17 7 36 2 28 11 30 21 
18 25 15 1 20 31 5 11 8 27 22 3 
5 11 31 24 29 13 33 15 36 21 3 17 
25 27 34 7 20 9 22 3 16 13 5 1 
24 12 30 32 16 14 35 9 27 7 1 21 
15 28 34 2 31 25 17 10 8 36 4 19 
7 27 35 20 1 22 16 24 9 31 5 14 
26 2 20 7 9 5 22 24 31 13 16 36 
29 3 33 5 20 1 15 7 11 13 17 35 
1 13 11 4 16 25 31 34 20 23 28 6 
25 33 20 31 13 4 27 9 36 17 2 15 
3 27 35 22 31 8 6 33 17 20 15 11 
3 6 25 27 19 21 29 13 36 11 17 1 
30 15 27 20 11 33 1 36 23 17 13 5 
30 36 9 32 22 24 1 20 18 16 5 12 
35 21 19 32 12 9 29 3 1 26 17 23 
20 31 12 18 36 8 34 16 23 27 6 4 
17 31 22 10 35 20 1 3 27 13 25 6 
21 17 4 10 29 7 26 15 12 33 19 2 
10 26 1 22 24 35 31 33 13 17 8 19 
19 3 31 8 27 14 12 25 16 23 10 5 
9 36 23 31 5 20 3 12 27 16 18 34 
18 15 12 23 3 27 29 5 1 25 21 35 
6 12 21 28 17 26 4 33 31 9 23 36 
34 15 32 25 23 6 27 18 1 10 8 13 
36 34 23 32 25 21 8 1 10 18 16 3 
6 36 18 1 10 34 31 13 25 8 28 15 
16 22 11 32 24 2 28 36 30 5 13 34 
20 17 12 30 22 14 2 34 6 8 4 26 
5 32 24 36 1 14 17 7 30 9 19 26 
14 36 17 22 2 24 30 10 27 5 33 20 
15 36 4 2 27 8 13 6 30 33 22 25 
9 7 28 30 23 11 17 5 3 20 25 1 
3 26 33 24 31 21 5 11 9 36 15 29 
11 26 17 28 30 15 2 7 33 13 23 9 
34 22 13 11 18 3 30 15 8 5 32 27 
31 23 18 36 20 27 1 7 10 13 15 25 
5 7 36 28 20 12 25 23 15 32 17 3 
29 25 33 17 36 12 7 10 4 14 1 20 
18 8 26 15 13 2 34 20 28 32 24 36 
4 31 22 8 29 6 10 35 20 1 15 18 
15 36 5 22 17 28 26 1 10 31 7 19 
32 3 30 15 34 18 9 36 27 1 22 20 
18 22 20 16 25 27 12 4 14 6 31 34 
33 23 27 8 12 25 31 29 1 4 15 20 
27 23 6 10 35 30 1 25 13 4 19 17 
1 8 18 22 32 36 6 24 16 11 26 29 
31 24 27 10 1 18 29 8 15 36 34 21 
26 35 4 9 16 1 18 11 33 20 23 13 
18 28 23 11 16 33 20 25 2 13 31 5 
26 14 17 35 3 12 31 7 23 28 5 1 
6 36 20 9 27 33 11 16 23 18 3 25 
9 29 16 3 14 5 35 33 19 31 1 22 
6 11 3 29 1 23 21 18 14 36 34 26 
27 30 35 23 32 2 17 4 15 6 21 10 
18 25 11 30 20 32 8 3 28 13 23 5 
17 36 9 3 21 12 6 25 19 31 28 23 
22 4 18 1 16 8 32 12 20 35 25 14 
19 14 3 36 8 32 27 5 25 16 22 29 
3 18 36 34 11 7 24 32 30 1 9 16 
20 16 27 29 4 18 34 12 23 1 36 25 
11 36 25 1 20 32 17 15 4 13 8 34 
26 23 6 34 8 10 1 31 36 19 14 28 
26 17 10 1 31 13 33 29 8 24 20 36 
28 23 32 25 36 17 19 21 3 30 12 10 
16 1 30 26 7 12 24 4 28 36 34 21 
16 26 14 36 1 4 34 22 18 32 8 12 
16 13 2 28 36 7 10 22 20 24 34 5 
34 23 19 15 7 26 10 1 28 17 3 31 
18 20 35 10 5 15 3 25 29 27 13 31 
12 5 3 36 28 31 19 23 9 25 14 17 
21 1 36 4 25 8 10 15 13 27 34 32 
11 18 31 4 29 35 8 1 33 14 21 25 
14 3 33 7 12 27 29 17 31 20 10 1 
12 6 16 29 18 8 21 27 24 32 34 3 
34 20 22 10 3 8 17 29 36 25 1 5 
1 27 9 30 5 17 12 36 25 23 32 21 
2 6 21 33 13 4 30 25 9 17 36 23 
26 16 32 19 30 12 24 21 14 7 34 1 
29 21 25 8 35 27 5 3 12 23 10 1 
33 35 11 3 14 20 8 28 25 30 23 6 
24 32 2 16 30 9 35 28 26 14 19 5 
9 7 5 32 26 17 36 29 20 24 13 1 
18 16 11 22 33 36 13 31 6 2 4 20 
36 25 16 9 11 32 13 29 23 5 7 18 
31 1 3 14 36 22 5 34 11 7 27 19 
36 10 31 23 21 15 7 25 2 12 18 34 
22 27 4 19 8 16 36 14 30 32 6 10 
9 34 5 1 23 7 16 3 26 36 29 14 
29 10 19 27 1 4 36 34 6 12 17 14 
22 26 12 10 28 30 36 2 14 7 4 17 
27 17 29 24 10 5 1 7 35 33 19 12 
13 4 23 32 29 11 21 36 17 34 1 6 
8 13 22 34 17 4 31 6 29 19 11 26 
12 22 15 17 33 4 7 31 29 27 20 10 
30 27 36 13 9 24 4 2 6 19 22 11 
22 7 31 36 1 28 16 12 20 26 10 3 
36 1 24 26 22 11 20 3 16 18 5 31 
19 23 6 8 27 36 15 29 25 21 10 32 
22 16 5 30 19 34 8 1 26 24 32 13 
23 35 9 25 21 14 32 3 11 1 17 27 
29 3 24 17 1 27 13 21 8 31 36 34 
12 33 6 1 4 10 18 15 28 22 25 35 
27 15 4 12 25 7 1 20 30 9 36 23 
3 17 11 5 28 32 34 30 9 14 19 22 
1 31 13 11 25 18 20 34 3 8 22 36 
11 15 26 5 3 19 13 36 30 9 28 24 
18 25 7 22 10 36 14 16 12 33 30 3 
24 10 20 8 5 14 33 30 35 17 3 28 
17 2 33 27 13 5 15 11 35 7 20 24 
19 34 28 9 17 21 26 23 15 4 6 2 
27 3 32 29 16 11 1 19 13 25 6 8 
13 5 17 8 11 25 33 3 36 27 19 29 
22 3 32 24 9 1 13 20 16 28 6 34 
7 26 19 24 16 12 31 9 1 22 34 28 
23 12 4 7 27 18 20 1 14 16 9 29 
5 15 23 21 9 1 26 7 11 28 35 18 
24 6 14 32 26 29 4 9 21 34 1 18 
5 1 27 32 25 29 12 14 22 34 10 16 
18 20 34 16 32 9 1 36 5 12 7 23 
7 32 16 20 23 5 29 11 3 34 26 9 
8 1 4 17 23 31 29 6 27 34 21 11 
15 6 2 27 34 30 19 25 21 13 36 4 
10 30 2 23 7 25 5 32 12 35 21 16 
25 23 31 1 10 21 29 36 8 5 27 14 
8 3 35 5 32 13 28 22 25 16 30 1 
14 34 36 26 3 19 21 17 1 5 31 29 
4 28 6 33 1 8 24 15 20 13 35 22 
10 22 24 12 33 3 27 20 17 6 15 8 
28 33 26 30 10 1 17 15 21 4 8 36 
9 25 36 3 30 15 32 12 7 19 27 22 
30 26 8 21 10 34 14 32 6 3 12 16 
10 21 18 33 23 8 4 6 25 15 13 36 
23 2 25 28 14 34 16 6 21 18 4 30 
14 6 22 9 18 24 33 2 31 29 16 11 
3 10 24 28 12 8 33 36 14 16 26 21 
16 4 36 21 34 26 11 8 31 6 13 24 
23 29 15 31 6 2 11 34 25 18 27 21 
22 36 33 29 18 5 24 3 9 11 13 31 
24 36 21 11 19 32 4 26 30 8 13 16 
11 36 22 25 5 30 16 18 1 7 3 33 
10 34 2 36 23 17 26 32 6 14 29 4 
36 34 17 12 8 28 26 19 6 3 24 15 
4 23 2 6 17 26 11 15 8 13 36 19 
21 25 31 3 27 29 14 23 10 36 17 8 
23 12 21 16 29 25 14 36 27 33 31 1 
19 28 26 14 36 22 2 24 30 10 17 8 
1 13 36 11 24 26 32 15 28 17 9 3 
24 18 1 32 10 12 3 34 30 21 36 16 
27 35 1 12 23 7 10 29 18 3 14 31 
32 36 9 4 13 17 26 21 1 24 19 15 
33 35 12 17 21 24 31 19 9 2 29 27 
17 5 23 29 14 21 31 27 7 33 19 11 
6 18 13 36 9 11 16 34 32 29 3 25 
11 7 5 33 23 15 1 35 9 25 19 28 
26 18 10 5 34 8 23 28 32 36 15 21 
6 22 10 13 8 16 1 19 34 4 30 27 
21 13 4 28 33 1 25 35 16 19 9 11 
1 25 18 10 32 27 36 3 8 14 34 29 
4 13 27 34 16 19 21 25 32 1 7 23 
19 23 25 7 30 36 28 32 11 17 34 9 
3 7 34 19 5 14 9 27 1 21 11 32 
5 1 23 3 25 9 11 27 31 14 36 33 
6 31 15 24 19 26 9 11 13 22 4 35 
1 23 17 27 6 33 30 20 8 15 13 3 
24 6 19 33 36 9 29 17 4 27 12 21 
32 23 36 16 9 11 4 7 20 26 14 29 
6 26 12 16 24 18 30 10 2 14 21 35 
34 12 30 27 36 14 22 6 10 2 19 25 
18 31 27 15 5 22 20 2 36 8 11 25 
18 34 14 25 6 36 22 8 30 2 11 4 
21 14 36 27 24 9 6 17 32 11 3 34 
33 6 31 11 1 9 35 17 23 13 20 25 
36 25 12 16 30 2 20 27 23 14 6 34 
26 11 9 2 13 34 32 18 4 36 22 24 
1 20 4 29 9 32 18 7 35 27 14 22 
15 29 11 3 1 6 27 35 24 32 22 19 
10 26 13 20 1 23 4 15 36 18 33 30 
18 26 5 16 1 34 3 13 23 28 10 31 
1 16 21 23 11 13 5 18 8 3 29 25 
28 2 9 23 32 11 13 21 30 5 34 36 
12 15 7 3 9 26 29 22 24 1 31 34 
1 13 19 29 7 15 35 9 25 23 31 21 
34 19 9 24 4 27 15 2 7 32 21 17 
9 16 22 31 11 27 25 4 33 1 19 6 
10 8 24 14 30 1 19 16 5 33 26 35 
26 1 20 32 10 8 22 35 24 6 3 12 
7 11 9 1 27 34 16 32 24 18 5 22 
31 23 15 25 27 20 3 10 6 18 35 8 
28 12 17 31 33 2 23 7 35 10 26 15 
35 7 13 27 15 23 20 29 18 25 2 10 
14 3 20 36 28 33 1 22 9 25 11 6 
3 36 23 25 15 33 8 21 6 28 31 10 
17 28 24 1 36 26 12 22 32 9 7 15 
21 11 7 19 28 25 31 14 9 5 1 17 
22 3 20 29 8 16 14 12 24 34 5 36 
7 20 1 3 26 17 12 24 29 33 15 36 
4 9 31 26 19 16 6 36 21 1 11 13 
32 24 26 3 14 10 36 21 18 29 6 16 
4 20 29 8 15 24 27 18 32 10 12 35 
6 28 10 17 8 2 22 35 19 26 14 4 
8 26 25 31 7 36 15 36 18 1 34 20 
29 7 3 14 29 34 1 22 32 32 1 5 
29 7 9 23 14 12 36 34 32 28 1 14 
21 9 19 33 19 18 33 29 19 6 22 36 
16 17 27 6 14 2 17 32 16 2 17 29 
19 33 14 8 2 7 32 25 16 26 35 10 
35 35 12 33 17 29 34 6 30 9 14 24 
19 7 18 5 17 31 29 14 25 17 22 14 
10 22 32 6 12 31 30 31 21 10 31 22 
17 10 36 21 24 26 29 19 26 19 29 13 
31 24 14 28 27 32 9 23 26 19 8 36 
16 19 35 17 2 27 22 11 24 25 30 7 
12 27 7 9 20 15 5 10 25 4 32 34 
21 7 28 24 11 25 33 14 13 34 5 19 
25 22 22 28 3 4 24 25 32 29 1 26 
27 31 17 31 28 3 28 8 13 11 17 27 
27 11 9 8 13 25 32 36 19 17 27 1 
18 16 12 33 23 36 13 15 24 25 22 30 
34 19 19 22 13 21 20 32 35 14 12 30 
25 22 20 17 14 7 8 27 13 2 2 19 
5 36 9 15 18 19 27 6 23 6 35 28 
25 23 29 28 19 13 15 21 28 26 11 20 
9 17 23 8 20 11 8 32 27 3 2 22 
27 32 27 25 5 15 32 29 10 27 21 22 
23 24 28 28 22 18 8 1 21 33 30 28 
18 1 11 26 10 18 15 17 36 25 7 33 
28 17 8 24 5 29 8 34 24 4 16 15 
18 29 34 3 10 25 15 22 2 23 18 30 
12 18 1 20 22 13 29 20 33 5 23 19 
18 22 23 18 35 35 7 29 11 26 10 20 
34 28 9 4 10 3 28 13 14 19 24 26 
33 2 30 33 25 2 2 15 16 24 8 11 
1 26 6 1 32 8 20 14 13 7 2 7 
11 27 20 3 25 11 23 27 33 25 6 20 
27 22 12 15 4 4 22 18 18 17 32 10 
10 22 11 36 29 8 31 16 21 16 33 10 
14 27 10 24 34 17 15 32 10 11 2 22 
35 10 4 19 26 13 11 20 27 11 24 17 
4 11 18 29 20 16 30 20 27 31 19 14 
28 1 8 33 12 16 31 4 14 20 35 29 
16 5 36 25 16 22 29 14 5 25 8 5 
2 21 6 4 3 8 31 17 27 34 20 15 
28 29 27 9 17 1 22 34 32 1 13 31 
2 35 20 2 32 34 10 32 16 8 10 5 
2 3 29 28 6 31 10 1 11 34 27 19 
31 16 2 3 14 15 10 34 26 16 5 36 
35 10 27 13 26 15 20 6 1 24 12 13 
31 35 11 16 10 9 35 13 15 14 23 31 
9 31 8 28 21 1 26 35 10 11 14 29 
36 13 36 20 30 33 22 18 28 31 8 21 
8 24 20 31 2 17 10 10 28 13 28 3 
4 22 11 18 1 7 9 33 17 3 22 25 
32 27 28 9 25 31 16 5 30 2 12 22 
26 7 9 30 34 3 17 30 30 16 20 27 
19 20 26 17 8 14 16 19 3 36 23 35 
27 21 1 32 15 34 8 29 2 17 11 17 
2 36 24 18 1 6 6 21 25 3 29 4 
5 14 24 36 16 10 1 34 23 32 4 34 
22 32 20 27 12 27 35 36 18 26 23 11 
12 13 5 2 25 11 26 2 3 35 7 18 
14 23 23 7 9 27 28 20 24 7 23 2 
31 19 21 28 4 17 2 10 7 33 23 3 
25 27 5 1 25 18 18 3 10 34 30 17 
1 19 4 7 4 32 13 14 24 15 26 12 
36 27 18 18 26 19 10 28 17 16 1 34 
9 12 11 10 36 8 6 20 11 35 15 36 
24 36 24 23 11 18 7 6 30 7 14 25 
36 3 20 24 36 14 15 26 3 30 31 25 
10 8 15 6 4 24 11 31 6 25 36 2 
6 21 22 12 11 31 35 17 18 5 33 13 
10 17 29 3 6 33 18 35 32 31 12 31 
35 36 31 25 22 7 11 15 9 16 7 16 
29 3 7 16 16 19 10 33 32 11 7 28 
27 17 35 5 26 22 13 8 36 36 24 13 
20 16 22 2 1 2 33 11 20 1 12 16 
31 1 15 32 23 1 25 9 14 5 9 9 
8 19 12 9 29 30 5 9 7 35 35 16 
8 22 33 1 36 33 13 14 9 15 18 12 
25 25 21 23 1 10 16 10 36 23 1 32 
2 12 17 14 1 26 2 5 23 12 2 30 
11 35 28 2 19 27 28 10 2 32 7 35 
19 23 27 24 8 14 3 14 36 20 3 17 
18 33 6 25 15 9 18 25 35 30 16 3 
23 14 5 10 5 27 34 3 10 16 29 9 
7 25 19 29 26 14 23 7 12 15 13 20 
24 5 30 33 26 7 23 31 6 16 33 15 
6 30 7 16 7 2 11 6 14 17 15 5 
1 31 22 3 18 11 2 31 7 9 1 33 
16 1 9 10 11 36 36 6 6 13 10 16 
21 5 26 12 2 4 32 30 35 6 5 29 
33 26 33 21 22 9 25 8 13 14 30 12 
29 29 21 20 7 33 12 3 22 35 22 29 
2 4 10 34 15 32 17 13 4 5 32 15 
22 31 8 5 5 19 29 36 15 35 14 4 
5 30 25 12 19 22 11 9 26 28 23 16 
9 36 6 11 15 4 9 30 36 19 21 10 
3 9 11 32 29 11 28 27 4 34 20 2 
6 11 6 25 1 21 7 7 27 14 23 29 
31 4 14 28 9 25 18 6 36 25 35 8 
13 33 15 17 31 17 5 8 10 7 11 11 
12 34 9 8 35 8 23 36 7 27 10 3 
7 2 30 13 8 12 36 15 20 15 29 28 
29 21 36 3 13 15 26 21 13 16 5 1 
3 28 35 24 14 19 9 23 15 26 35 31 
26 19 29 1 13 14 25 12 9 9 6 14 
10 26 27 9 23 30 21 13 1 13 34 16 
29 7 23 12 35 2 26 12 35 6 31 9 
24 11 11 24 25 26 6 29 3 32 6 9 
30 18 32 25 2 22 11 15 4 15 14 10 
1 22 33 17 35 3 1 27 17 11 5 33 
15 3 7 22 7 18 5 20 30 14 20 21 
22 24 4 11 2 35 3 14 22 33 13 25 
10 24 14 27 9 8 10 33 3 35 25 33 
7 19 16 32 30 12 7 1 5 32 30 28 
28 31 23 28 17 31 14 13 28 9 23 28 
4 32 33 33 18 29 23 26 21 26 22 29 
14 27 25 29 6 36 35 31 30 21 32 25 
35 5 21 14 1 16 2 34 5 9 17 2 
27 16 15 11 11 12 30 4 3 1 23 1 
3 3 4 22 23 36 27 22 14 23 29 13 
29 24 4 16 3 4 18 24 8 23 11 8 
6 13 31 2 31 28 20 16 18 27 29 32 
22 17 17 23 27 33 17 9 25 29 18 26 
7 5 2 6 22 17 6 17 8 16 34 32 
1 4 35 7 20 11 19 8 6 5 12 21 
8 34 11 16 20 33 4 16 23 21 12 36 
35 11 9 12 29 15 15 23 22 20 32 22 
23 15 6 22 10 13 5 25 3 18 27 6 
15 12 18 28 23 8 23 35 33 13 28 27 
36 13 28 30 17 30 15 27 14 11 4 23 
14 12 36 20 9 1 30 11 31 10 31 29 
7 21 10 31 1 30 27 9 29 22 21 32 
26 2 10 7 34 28 20 22 26 23 26 28 
32 8 18 17 28 14 31 3 23 27 13 23 
2 16 25 36 5 22 4 12 19 28 36 16 
25 16 16 12 8 5 8 29 12 8 11 2 
34 8 7 12 33 8 17 25 8 22 19 23 
17 15 23 23 2 17 16 10 18 14 10 7 
9 25 31 27 7 33 21 20 3 32 13 26 
7 35 32 20 16 24 21 17 18 18 24 12 
11 29 23 14 2 22 21 34 29 17 3 33 
3 15 13 7 30 6 25 25 30 13 26 2 
7 15 20 36 1 32 19 30 35 16 17 23 
20 20 35 10 2 18 5 34 17 4 2 18 
7 19 23 19 5 12 30 27 5 12 34 32 
9 20 27 16 21 5 27 18 20 17 18 23 
30 18 23 10 17 25 9 12 13 34 1 3 
34 13 1 12 15 6 9 2 13 4 35 30 
15 5 32 34 23 28 4 1 26 29 22 11 
13 17 14 33 14 24 14 24 11 18 35 5 
9 28 22 29 18 29 32 32 25 21 1 15 
5 22 28 2 4 32 4 24 25 30 2 23 
12 11 33 21 19 36 2 31 36 21 20 6 
36 35 19 10 34 23 16 1 21 9 29 13 
31 15 34 12 19 29 1 2 11 9 5 10 
17 19 33 26 24 21 5 15 6 10 12 20 
28 27 3 4 19 11 17 25 6 5 2 13 
9 27 7 19 14 5 2 36 36 33 6 30 
18 20 27 16 28 32 16 14 34 7 34 31 
36 6 16 7 31 6 21 35 2 34 33 8 
18 27 3 35 7 7 9 30 21 2 14 16 
2 33 33 4 2 2 1 12 5 4 23 31 
28 30 19 14 26 16 28 35 8 33 2 10 
24 12 12 22 28 20 25 9 18 13 5 14 
20 26 25 18 31 8 15 32 27 9 36 15 
29 24 9 18 36 6 21 12 11 26 1 33 
32 18 9 26 23 11 21 35 36 27 26 16 
36 31 26 19 31 17 9 14 21 3 28 13 
30 5 34 19 34 23 26 20 29 8 20 27 
4 31 30 25 27 22 16 32 30 6 29 3 
9 1 28 14 12 34 5 1 26 19 29 16 
30 27 13 27 34 20 12 30 13 32 8 5 
8 6 22 16 35 28 1 36 31 35 32 9 
2 15 29 33 15 29 14 1 16 32 32 11 
15 31 26 26 4 25 22 5 18 28 29 31 
29 29 22 13 27 2 18 15 31 2 31 3 
27 35 16 4 26 27 15 13 13 21 35 18 
15 32 29 22 4 31 2 26 12 8 28 11 
32 15 16 13 20 26 32 20 14 15 26 28 
26 21 25 20 16 9 32 36 4 9 28 12 
8 24 27 36 15 6 31 14 25 32 5 19 
30 34 17 25 24 2 18 23 29 11 3 36 
18 4 4 29 15 5 29 15 30 1 12 8 
17 15 32 36 23 26 17 24 35 15 5 2 
1 25 6 27 22 7 33 28 26 22 3 35 
17 9 23 27 5 1 15 14 20 13 36 20 
11 6 30 32 20 33 15 24 28 14 19 31 
36 21 17 4 35 5 13 27 3 7 16 23 
18 20 9 28 24 4 31 13 19 31 26 22 
35 10 7 4 16 15 11 23 19 11 13 31 
15 12 23 17 6 6 33 6 29 14 27 25 
26 4 23 22 24 19 21 19 28 12 28 20 
4 23 22 5 20 24 2 13 34 17 15 30 
31 22 10 19 10 3 5 21 23 19 27 25 
14 18 17 15 29 4 18 13 22 18 19 12 
21 12 26 19 25 33 11 6 32 10 34 33 
28 30 8 20 20 9 4 12 21 36 15 11 
32 4 8 9 19 4 7 13 20 21 24 18 
6 21 19 33 11 9 28 3 18 20 23 22 
36 10 30 3 14 9 2 21 30 5 10 11 
12 32 24 22 35 6 12 28 7 26 31 3 
1 34 12 7 12 20 24 8 11 12 7 1 
5 16 16 17 26 25 24 33 17 25 19 8 
7 27 21 9 2 6 34 27 14 4 18 28 
12 34 22 6 5 15 5 21 2 19 35 28 
35 18 27 4 28 9 33 6 1 31 10 24 
16 19 22 6 32 23 10 17 31 2 13 36 
14 5 21 18 35 29 30 13 3 21 6 25 
27 3 11 21 15 32 2 11 10 20 24 32 
32 8 1 8 15 19 32 20 34 17 25 34 
23 33 4 7 4 6 25 22 3 25 33 34 
23 31 16 11 7 28 23 7 12 17 10 12 
23 13 17 34 30 27 26 8 16 9 15 17 
19 33 34 24 16 5 6 5 35 29 22 22 
18 28 21 21 4 29 24 32 32 22 35 26 
13 14 12 8 33 30 3 2 1 26 7 15 
30 8 4 12 17 27 6 28 31 22 31 5 
35 16 6 33 12 4 33 4 3 36 15 23 
3 18 24 8 11 35 23 10 35 3 21 19 
12 20 31 9 14 29 23 12 24 26 1 2 
13 12 36 31 24 3 27 22 34 5 36 22 
18 34 17 35 13 17 34 35 26 33 28 19 
13 11 24 20 17 35 15 5 24 10 4 24 
25 1 30 27 35 29 9 9 23 8 20 1 
19 8 36 25 36 33 17 31 32 3 11 30 
21 28 9 31 12 16 22 10 32 26 19 21 
25 28 17 20 2 36 8 29 21 13 9 2 
25 4 19 2 23 7 17 30 15 29 29 29 
13 30 10 2 33 16 14 5 4 13 10 25 
3 23 4 25 23 10 11 6 25 5 10 14 
7 6 18 26 34 24 28 14 31 14 24 24 
33 29 35 1 13 11 31 23 12 2 8 7 
23 9 33 22 8 5 9 1 28 18 2 19 
28 25 23 16 34 6 32 28 5 5 23 27 
10 13 20 3 1 16 4 6 15 19 32 34 
18 34 26 13 1 4 29 15 32 27 27 18 
35 13 27 21 8 9 23 3 20 36 33 10 
30 9 29 7 11 31 16 20 24 27 19 3 
31 6 10 20 27 9 24 34 34 4 35 15 
11 12 3 5 27 22 21 13 30 18 29 4 
14 25 31 32 28 24 21 27 26 29 19 21 
12 17 21 1 16 7 13 11 14 21 30 33 
32 34 30 33 30 11 7 12 6 22 17 10 
4 33 22 23 30 17 10 12 26 12 6 18 
8 7 15 19 35 14 11 31 8 25 7 2 
23 26 6 9 33 13 17 13 30 9 5 4 
33 32 4 17 24 1 26 19 23 33 16 15 
31 13 13 7 34 10 33 23 28 18 17 8 
23 22 7 27 33 24 36 13 27 33 4 8 
8 27 18 9 34 27 12 32 18 16 22 5 
29 22 1 2 8 25 15 5 28 19 11 23 
8 10 25 4 25 33 33 28 26 6 20 23 
29 26 12 28 18 28 15 30 27 33 2 18 
24 4 4 15 31 30 2 5 26 13 15 14 
9 13 26 19 35 22 14 16 29 16 25 3 
4 23 12 32 18 14 3 35 25 8 3 5 
18 1 19 14 23 9 16 27 14 30 21 17 
1 10 8 3 24 17 15 34 21 27 2 6 
2 10 9 9 8 22 9 24 9 19 31 12 
13 25 13 8 6 30 18 25 34 29 31 11 
2 28 14 18 20 11 5 32 26 17 23 13 
10 16 33 13 27 33 27 26 32 24 2 11 
21 18 10 11 22 8 9 36 9 10 26 7 
26 20 17 30 13 4 25 18 13 9 5 15 
3 3 2 30 14 15 12 6 1 18 16 19 
13 14 23 25 1 36 2 21 35 2 15 12 
28 21 5 35 25 4 9 11 32 21 32 13 
2 14 9 6 12 34 12 26 23 25 23 2 
29 24 11 8 29 34 4 16 9 8 34 17 
33 5 16 15 15 8 5 10 6 28 20 1 
16 35 6 28 31 2 7 19 35 22 29 12 
10 22 3 25 25 32 15 31 5 31 19 30 
24 3 29 16 4 2 7 9 35 4 17 23 
6 30 15 19 34 14 25 9 5 1 4 35 
21 6 16 18 4 30 33 27 9 3 19 31 
28 31 12 30 19 35 31 18 25 8 17 11 
19 19 36 34 16 36 29 21 32 9 2 11 
32 33 36 6 36 11 30 6 26 30 2 17 
36 21 20 16 9 34 18 28 7 27 21 17 
7 5 23 15 17 18 15 34 8 14 3 7 
27 25 35 27 28 16 6 5 12 22 10 31 
10 4 31 3 19 35 18 34 8 28 9 10 
13 21 26 1 2 2 33 14 18 9 36 15 
18 35 33 16 24 36 8 21 22 29 28 25 
18 11 21 26 6 10 3 2 18 3 10 35 
14 5 25 28 27 23 7 33 23 24 32 15 
24 21 5 12 34 25 23 3 33 15 32 24 
34 25 13 2 15 9 30 7 15 8 5 25 
11 26 32 10 24 7 17 22 5 2 24 33 
8 16 11 27 23 29 4 9 16 4 15 30 
28 6 34 25 34 12 26 3 10 12 31 8 
21 5 11 33 3 1 30 1 6 16 6 32 
33 14 7 14 9 32 15 10 11 6 25 11 
16 5 7 3 26 35 36 19 36 10 32 34 
32 11 34 20 27 13 13 4 30 3 16 19 
30 26 13 14 5 16 25 29 16 6 1 35 
17 14 2 20 14 18 8 35 22 7 25 23 
21 7 34 20 20 31 1 7 12 18 29 13 
9 10 3 19 31 31 12 14 29 28 3 8 
28 15 6 26 12 32 5 22 15 10 27 9 
4 18 33 20 33 31 16 23 30 15 18 36 
36 29 9 13 9 35 35 22 9 25 28 17 
32 25 24 29 12 1 5 5 16 36 26 3 
25 20 32 6 21 7 12 28 36 36 20 22 
24 27 4 28 3 5 28 24 22 32 4 33 
28 12 21 32 19 17 25 27 17 14 14 8 
27 19 36 6 34 22 8 9 18 31 2 7 
34 19 13 26 20 3 2 24 14 29 23 24 
2 35 2 32 30 20 14 3 24 12 5 16 
10 9 34 32 24 6 16 25 10 3 35 22 
25 34 1 13 3 12 23 23 23 29 3 25 
31 13 34 30 14 9 20 21 31 18 26 6 
7 28 4 8 24 1 27 13 18 26 25 4 
12 23 24 26 33 34 3 25 15 20 14 7 
32 8 30 33 7 17 21 15 2 25 14 25 
17 2 23 28 15 24 3 27 30 17 35 24 
19 3 12 19 4 8 21 36 27 32 32 30 
19 25 28 14 14 3 26 23 12 22 12 16 
31 36 19 18 24 21 13 9 14 14 33 28 
4 22 35 24 29 8 12 18 5 14 23 19 
1 4 21 9 16 31 14 3 31 20 23 2 
30 13 7 9 16 26 8 7 10 24 9 10 
36 30 35 30 24 6 17 36 27 9 8 27 
33 36 9 5 16 1 16 30 16 17 8 1 
15 28 25 1 34 20 34 1 36 30 17 1 
9 4 17 32 36 29 25 25 24 7 35 21 
34 10 2 24 35 34 23 12 29 7 35 9 
26 16 13 35 5 4 17 8 32 27 36 9 
13 6 28 32 15 15 27 28 20 17 36 10 
14 10 13 35 12 4 16 36 34 9 6 17 
24 17 12 3 3 33 14 31 16 10 12 14 
2 14 31 31 20 24 21 36 11 16 20 33 
20 15 15 28 14 23 13 34 9 18 15 19 
31 11 33 30 18 15 19 14 22 1 6 21 
3 4 24 26 2 18 8 7 15 15 14 2 
8 3 35 14 17 4 9 1 15 5 35 6 
3 6 5 35 6 25 14 3 27 4 8 16 
21 9 4 34 14 35 8 1 3 18 26 18 
24 23 8 34 34 9 21 25 26 14 21 12 
30 22 30 8 15 6 11 33 27 14 22 19 
9 30 23 24 18 6 19 17 14 5 8 7 
31 29 27 5 4 7 4 24 25 35 33 26 
36 13 2 1 25 10 12 32 18 21 34 33 
6 1 28 35 15 17 25 2 21 13 10 2 
30 5 11 8 33 24 18 30 14 29 5 7 
7 27 2 20 21 33 24 33 10 7 11 24 
8 11 14 13 3 2 3 6 29 27 15 11 
13 4 36 33 25 3 11 21 5 21 2 12 
33 17 17 13 32 9 31 30 32 17 19 16 
36 18 22 9 9 15 23 24 28 4 25 19 
33 21 16 19 27 9 19 29 3 9 35 31 
23 31 13 16 2 34 29 7 17 4 16 3 
35 8 25 31 21 17 1 27 18 21 11 20 
9 35 15 19 29 25 13 6 25 16 11 5 
14 35 5 10 4 36 4 2 23 32 5 7 
17 25 3 13 9 19 1 2 8 29 34 11 
23 20 8 19 1 36 23 32 11 15 34 2 
17 31 23 11 5 28 32 23 4 12 27 13 
8 2 35 6 11 10 36 9 15 20 25 20 
33 17 26 14 16 29 26 20 27 30 20 34 
34 20 33 8 23 29 4 1 2 24 13 4 
6 25 10 31 32 25 34 9 32 2 28 36 
35 24 7 7 7 27 33 28 36 26 1 3 
3 26 30 19 30 28 8 26 18 13 10 2 
2 9 35 30 3 16 28 28 12 16 30 20 
16 14 13 31 6 33 13 13 31 18 34 5 
2 28 12 7 27 17 33 33 31 1 34 21 
31 3 36 28 33 31 5 34 25 11 6 36 
16 33 22 20 2 30 31 17 28 6 9 1 
26 2 11 20 28 2 9 10 17 7 11 6 
9 6 35 29 11 9 19 29 8 29 15 24 
28 14 21 19 19 36 18 2 13 22 36 21 
10 11 19 20 7 31 14 29 22 26 1 9 
15 12 6 20 13 28 6 12 17 26 5 18 
24 28 6 1 18 13 29 27 20 36 28 7 
18 25 36 21 8 3 34 9 9 7 9 17 
12 21 22 31 21 17 22 20 33 15 14 30 
2 2 31 24 25 8 29 30 6 31 6 35 
15 2 32 29 15 28 17 16 14 1 2 28 
16 2 27 10 18 2 30 23 7 10 1 22 
32 8 5 32 1 22 1 29 32 10 1 35 
26 7 5 21 28 12 11 20 10 1 2 4 
22 15 2 18 26 14 19 23 5 22 16 11 
17 16 10 27 24 24 34 14 2 32 13 29 
10 27 28 29 9 24 7 25 30 6 30 22 
7 8 20 35 11 30 25 31 10 35 2 23 
3 21 25 25 9 33 9 15 26 21 26 15 
8 22 1 19 9 13 4 30 30 36 3 14 
6 35 22 20 10 35 30 2 13 32 29 26 
16 17 30 26 36 28 23 33 29 12 34 10 
31 5 21 6 14 21 13 23 15 30 18 11 
9 9 7 22 11 35 3 20 11 11 28 18 
32 18 27 25 23 23 36 6 36 17 6 21 
32 5 13 16 6 9 14 22 19 26 5 15 
12 31 18 6 21 14 27 16 30 20 26 15 
23 9 34 33 30 13 5 11 2 22 20 27 
22 1 22 9 4 29 14 24 24 35 29 23 
28 9 3 28 15 18 7 25 30 8 26 34 
20 31 21 5 31 30 33 5 18 4 10 10 
9 7 3 10 15 24 3 8 35 2 28 5 
36 22 10 3 34 34 10 27 19 8 31 35 
32 10 9 31 25 6 34 24 7 25 15 27 
18 12 28 7 5 35 4 17 8 5 13 21 
22 28 23 1 5 35 8 20 25 27 31 22 
2 22 2 3 13 1 12 12 19 4 10 16 
17 12 25 29 30 21 20 9 21 33 27 4 
18 9 24 6 27 1 14 17 10 35 15 33 
30 1 31 3 33 11 24 22 7 28 11 30 
2 12 28 3 14 14 16 19 12 27 7 14 
6 28 19 36 13 15 29 1 23 17 1 4 
3 2 21 28 23 28 35 7 28 20 13 29 
16 2 3 21 13 21 10 23 30 17 20 12 
26 22 9 24 21 35 34 14 19 8 28 29 
8 26 14 1 15 32 12 28 27 35 17 14 
11 18 17 36 23 3 25 6 10 24 33 18 
22 12 11 36 23 17 16 27 12 35 18 22 
10 4 15 16 23 7 7 32 12 36 16 20 
16 3 8 33 35 31 8 19 5 26 9 22 
10 21 17 5 6 12 22 6 15 23 11 11 
8 32 36 3 23 26 10 8 12 4 17 17 
6 23 32 1 27 5 10 5 35 36 28 23 
21 9 33 20 14 8 33 9 8 14 3 7 
27 25 34 2 16 26 9 35 22 11 34 1 
16 22 13 31 28 16 33 30 16 22 34 10 
10 20 32 20 12 12 3 28 13 11 22 17 
11 8 23 28 9 8 25 13 20 25 27 4 
35 35 20 18 10 11 10 5 19 15 5 16 
8 34 6 6 11 24 14 23 6 20 7 9 
12 7 11 16 7 29 25 3 14 21 9 8 
23 24 15 33 36 36 17 8 29 34 2 29 
15 27 33 16 14 5 22 15 24 30 26 32 
32 32 12 19 22 32 12 34 29 15 16 6 
32 11 28 5 12 24 18 26 21 23 4 3 
28 20 31 31 13 24 28 23 30 29 28 33 
21 35 35 16 35 34 27 3 35 5 20 18 
32 34 29 19 4 2 23 10 7 21 6 19 
10 3 17 29 32 4 33 9 17 17 2 25 
25 24 22 10 3 7 27 36 25 12 22 11 
4 31 8 18 29 4 25 7 21 2 2 26 
27 26 35 25 29 32 29 23 22 29 12 34 
15 34 27 9 35 4 15 18 13 5 26 4 
12 30 12 34 23 16 17 32 1 25 20 10 
10 10 18 26 30 8 31 8 10 26 11 8 
7 17 3 24 10 30 11 17 7 1 4 19 
12 18 3 10 16 28 3 25 29 10 6 31 
9 1 20 4 7 13 15 2 21 36 30 36 
2 21 13 8 19 10 6 22 25 6 20 8 
9 24 29 31 8 6 22 34 32 30 7 20 
16 25 9 36 16 11 22 5 36 32 28 30 
36 23 25 13 13 3 20 32 34 31 24 26 
18 30 1 4 32 7 28 21 35 5 2 7 
22 1 11 14 21 33 26 4 35 27 6 22 
13 4 11 22 9 19 20 9 15 23 20 6 
27 14 32 20 10 15 9 11 23 4 25 9 
16 14 14 18 2 31 29 19 31 35 9 20 
31 25 17 31 24 19 34 36 7 17 20 23 
17 8 10 9 12 34 34 19 9 25 3 7 
31 21 34 8 5 34 1 35 18 20 28 22 
10 21 35 34 4 12 36 13 3 21 29 34 
30 9 24 25 4 36 10 6 22 1 1 32 
16 15 23 19 24 8 20 36 24 12 22 4 
22 14 34 32 14 14 12 28 7 36 14 28 
16 34 27 27 19 31 19 13 25 15 2 27 
25 5 26 19 11 25 22 4 10 34 28 4 
28 34 2 6 11 3 23 7 18 12 26 32 
15 35 14 19 14 27 27 17 6 30 36 12 
12 14 17 22 20 24 6 25 4 22 3 11 
11 15 27 31 20 13 21 20 33 3 25 27 
34 31 7 30 30 6 12 3 2 28 33 21 
13 16 1 29 19 4 16 25 17 33 4 32 
24 29 7 34 33 9 4 33 7 17 4 25 
12 31 22 15 3 29 17 16 25 7 24 18 
30 17 11 3 20 20 28 32 5 10 21 15 
36 14 16 23 17 20 34 34 23 18 15 17 
9 25 16 5 17 18 21 32 17 9 3 19 
26 11 36 12 33 16 2 9 21 23 22 16 
17 36 8 22 15 25 34 13 13 17 24 25 
32 2 32 1 25 27 22 36 3 12 28 21 
1 1 20 12 10 31 29 1 5 15 3 6 
31 11 29 25 20 15 13 9 14 2 2 1 
2 12 29 12 4 29 7 6 3 29 32 8 
18 13 33 33 20 31 16 7 34 13 24 7 
13 22 3 10 10 33 33 21 18 13 9 9 
24 10 35 12 5 15 15 14 22 26 5 18 
1 27 19 32 24 12 12 25 34 7 28 21 
30 20 30 10 36 31 27 23 6 14 30 31 
25 33 11 30 11 35 5 33 6 19 29 19 
33 13 20 22 3 35 19 21 29 3 22 24 
32 15 30 29 9 30 19 9 21 29 9 30 
15 36 12 16 28 33 7 25 24 17 30 19 
6 33 31 5 8 6 15 27 29 3 35 13 
14 6 1 7 6 11 32 7 20 33 34 5 
24 7 10 26 26 25 7 36 36 9 28 3 
14 3 27 24 33 21 32 1 18 3 21 30 
27 4 34 5 28 8 8 25 5 31 15 8 
1 35 5 22 24 8 25 29 24 29 2 27 
7 6 28 11 21 20 7 28 7 23 36 3 
33 1 1 3 7 36 30 13 6 3 33 4 
25 1 22 4 7 10 30 13 24 23 24 23 
23 29 34 27 24 20 25 9 24 10 2 13 
7 7 16 10 28 11 23 23 10 21 11 28 
11 6 29 32 9 5 29 25 12 7 17 5 
32 11 25 1 8 26 31 18 9 16 18 1 
17 19 17 23 22 26 4 23 17 8 5 26 
1 36 35 17 35 17 27 19 28 1 25 31 
15 3 36 27 7 8 17 27 15 27 12 2 
29 1 19 11 19 35 2 27 5 13 22 11 
5 22 33 27 18 36 3 13 25 7 1 35 
12 5 18 22 2 9 1 31 15 10 33 16 
2 21 20 1 2 14 34 7 1 20 22 32 
11 30 23 14 14 9 32 5 17 6 34 23 
24 34 29 6 5 29 11 14 22 5 31 10 
19 17 10 25 31 36 16 23 10 21 6 18 
8 14 7 9 5 21 3 24 11 19 3 19 
29 16 20 28 25 11 21 21 22 20 26 33 
13 23 3 4 34 31 2 10 28 3 7 33 
35 5 4 9 29 12 12 1 27 7 13 15 
2 29 11 29 23 26 1 13 17 1 34 17 
7 19 3 13 3 13 10 24 18 32 4 13 
7 1 26 16 36 7 11 21 16 5 24 4 
8 12 9 27 21 34 31 28 3 7 28 5 
18 10 30 30 21 9 5 6 1 3 25 7 
2 29 12 11 26 8 9 18 29 23 19 2 
21 1 6 22 22 29 14 34 3 31 30 8 
18 30 35 34 4 8 19 28 29 18 33 25 
1 31 20 13 18 2 16 12 21 28 33 29 
1 34 33 23 26 24 13 23 25 11 14 29 
12 6 5 27 33 31 34 6 9 21 29 35 
28 23 13 3 14 32 29 25 24 28 4 32 
25 23 4 19 30 32 4 15 21 5 29 13 
18 13 18 19 19 4 14 21 23 20 8 10 
5 29 34 10 9 30 18 32 4 33 24 18 
36 31 9 30 16 6 14 29 6 31 10 26 
9 23 33 32 19 8 6 26 30 14 11 22 
8 24 34 12 18 14 27 30 26 20 19 5 
14 33 34 29 17 11 4 11 20 7 24 25 
33 36 22 14 7 28 15 21 19 12 28 30 
18 25 4 14 36 12 5 2 8 34 12 35 
17 34 19 35 22 19 16 29 33 12 36 6 
13 30 22 28 35 35 6 33 23 24 19 34 
30 10 33 13 34 10 9 5 28 15 35 4 
13 14 13 26 32 28 11 27 33 25 16 11 
29 9 34 32 22 15 29 7 26 23 14 6 
29 29 13 7 33 19 36 32 9 1 18 28 
9 21 30 8 9 33 31 24 35 27 35 26 
20 26 3 28 19 35 19 7 9 36 11 35 
24 23 1 32 12 18 6 24 3 25 5 19 
18 27 2 22 18 27 21 24 28 36 28 14 
19 9 20 33 32 35 16 3 32 7 34 2 
27 25 18 2 23 26 35 22 36 24 34 30 
30 11 3 3 11 6 11 32 35 34 12 10 
20 29 12 2 10 6 11 9 35 21 25 34 
21 1 29 1 12 30 15 17 11 8 7 12 
7 20 27 25 20 29 16 36 3 4 3 7 
28 17 10 21 35 34 13 6 4 10 12 14 
34 11 8 11 3 20 21 31 25 1 15 26 
36 29 22 24 23 1 34 6 3 30 3 26 
32 21 20 26 4 20 12 15 24 33 20 4 
29 3 7 23 30 5 29 1 7 6 27 21 
21 18 20 22 19 16 27 17 19 24 21 14 
17 7 27 34 24 10 28 13 21 18 22 17 
17 4 16 18 34 28 26 24 2 6 11 12 
20 29 15 16 33 3 18 36 27 36 30 23 
15 4 13 36 20 33 31 14 19 14 8 25 
23 5 23 23 22 13 1 26 4 19 10 7 
28 8 25 28 6 8 16 8 20 17 15 14 
24 11 21 20 11 22 6 20 3 7 21 5 
4 29 15 12 7 19 16 16 11 16 3 8 
10 14 4 34 30 26 5 25 5 2 11 24 
9 7 26 27 30 33 30 29 7 1 23 8 
5 17 27 24 21 34 6 24 30 33 32 8 
19 18 13 31 25 19 35 35 1 5 28 12 
4 8 30 8 24 5 23 14 34 19 4 10 
31 16 32 33 30 29 17 3 24 8 23 20 
2 12 31 26 14 24 7 16 26 12 25 29 
24 28 22 12 9 10 28 32 36 23 20 3 
27 30 1 5 30 11 10 11 34 14 16 4 
27 1 9 32 31 19 17 9 31 33 9 3 
23 20 34 10 9 20 31 25 6 29 2 18 
27 2 24 8 13 7 34 25 8 16 2 30 
27 30 29 18 17 18 25 11 20 14 15 13 
1 3 21 26 7 7 6 16 19 36 25 23 
24 3 24 16 19 11 1 3 26 21 16 4 
30 18 12 18 12 5 5 26 2 25 12 14 
34 14 35 14 9 8 4 34 25 1 21 4 
33 31 31 10 8 3 33 17 26 25 22 7 
18 23 10 12 18 14 3 4 6 31 33 35 
28 21 31 24 10 1 12 25 30 7 20 24 
23 14 4 23 22 23 9 4 8 35 35 22 
22 17 23 19 2 9 35 21 31 5 12 18 
27 35 17 17 7 21 36 23 5 1 36 13 
31 6 4 34 30 7 15 9 18 3 36 2 
20 2 36 14 19 8 19 11 1 6 8 6 
19 21 11 26 13 13 1 26 16 34 20 26 
8 34 27 19 34 16 16 31 14 7 29 4 
26 9 34 22 12 7 7 26 4 35 32 27 
5 14 35 22 24 35 22 16 33 15 17 25 
26 5 19 15 18 6 28 22 12 34 35 19 
23 1 24 12 28 26 19 4 13 2 29 28 
35 15 35 9 25 36 23 28 32 34 18 10 
4 10 16 35 25 30 15 27 25 16 21 6 
25 8 7 2 3 24 2 31 31 36 1 34 
36 18 24 25 9 9 35 21 15 6 25 21 
6 28 32 30 22 16 12 10 22 28 22 30 
32 26 32 25 1 34 36 31 3 17 26 16 
20 3 33 27 36 30 23 28 32 36 18 13 
25 9 32 34 30 8 24 25 10 35 15 18 
17 13 24 9 13 14 33 4 26 15 29 1 
13 1 10 12 29 8 7 26 25 31 23 14 
14 34 4 27 17 13 11 5 32 13 7 9 
24 34 3 17 3 36 13 35 26 6 1 16 
34 6 17 28 11 33 29 19 30 1 13 36 
15 20 26 36 21 36 13 27 34 9 34 2 
27 10 7 29 4 15 9 15 3 7 11 1 
33 11 13 23 1 2 14 17 32 3 25 26 
21 14 2 20 3 30 12 3 27 14 23 19 
26 27 13 13 4 22 31 11 12 26 34 15 
13 33 27 20 12 35 33 12 28 6 6 22 
2 13 27 24 22 28 6 10 10 14 20 5 
26 35 26 4 20 4 10 1 18 3 31 22 
7 24 34 4 34 33 13 30 7 7 32 5 
21 25 30 12 22 32 17 7 25 35 16 30 
1 12 1 17 19 17 27 3 8 34 8 22 
30 28 19 8 23 1 1 31 6 29 13 22 
16 22 14 9 14 27 30 7 22 10 3 27 
23 25 11 13 21 19 15 6 30 26 20 4 
6 35 29 4 30 5 3 7 19 27 22 25 
31 16 20 23 13 31 5 7 29 2 15 36 
14 33 8 19 24 9 22 33 27 3 35 6 
21 21 21 32 14 25 4 16 19 26 21 14 
30 32 22 13 23 22 5 5 34 28 5 4 
1 5 9 5 27 17 7 31 36 17 20 17 
24 6 21 9 19 1 30 5 26 2 14 20 
17 18 35 34 14 29 16 31 4 27 15 17 
16 7 14 22 17 26 29 33 1 27 1 31 
15 29 25 9 14 18 15 16 31 12 20 9 
29 36 4 34 19 29 9 19 20 17 29 10 
5 30 29 2 3 24 32 7 12 27 25 13 
24 20 24 32 34 6 12 3 19 15 35 20 
24 21 18 25 33 5 23 16 34 20 22 21 
8 8 6 18 17 12 14 27 18 30 22 35 
19 17 19 26 7 1 27 6 25 22 9 32 
23 34 20 31 29 10 24 19 23 6 18 21 
11 17 34 34 9 8 24 10 33 7 13 13 
21 4 23 5 7 6 16 29 30 22 30 32 
34 8 34 28 14 27 1 24 31 31 4 1 
8 2 9 10 18 24 33 23 34 29 6 1 
25 29 4 2 5 11 9 10 26 7 20 20 
13 31 30 13 4 36 26 28 19 34 6 18 
8 23 21 15 28 26 22 20 21 11 26 14 
11 4 5 16 35 35 12 3 1 20 4 15 
33 1 10 16 20 24 33 36 35 34 28 2 
13 15 13 3 28 26 16 26 35 15 36 2 
9 12 11 17 35 14 19 17 13 12 23 8 
20 10 33 1 31 28 21 22 5 34 11 22 
27 1 21 34 34 30 29 21 34 11 33 33 
17 34 30 28 31 35 24 5 33 20 24 4 
13 10 14 31 33 21 1 24 7 17 35 1 
32 8 33 25 4 11 28 19 30 6 9 10 
36 1 10 1 19 17 18 36 28 1 32 5 
21 7 10 22 36 6 35 11 22 3 19 30 
16 31 3 10 36 5 3 25 13 2 16 33 
12 1 35 31 5 32 1 14 24 7 20 15 
8 23 27 10 25 11 19 10 11 35 25 22 
4 1 12 22 23 18 12 26 23 30 27 2 
22 17 19 23 18 21 17 9 22 11 9 36 
12 18 20 1 31 23 24 15 20 12 4 13 
4 34 30 16 4 24 4 19 21 33 30 26 
34 24 20 35 23 15 25 8 7 16 28 34 
28 21 16 32 22 20 29 12 1 26 30 7 
1 18 26 27 20 3 10 10 25 22 28 3 
22 6 29 20 33 16 26 16 29 34 33 1 
33 14 12 23 20 36 7 24 35 32 34 22 
24 28 21 15 25 8 31 21 20 11 13 33 
29 13 18 1 18 15 33 10 9 29 18 9 
28 27 4 5 22 26 4 1 22 17 12 18 
3 35 24 8 28 24 9 7 16 8 13 20 
29 29 23 17 8 11 5 19 21 33 13 31 
28 13 20 19 27 36 18 30 33 32 13 2 
18 2 13 9 9 10 24 1 1 34 25 33 
4 4 34 4 12 21 9 25 9 31 24 17 
20 36 20 7 26 31 1 21 4 11 22 26 
2 5 21 20 12 33 26 8 15 8 17 4 
22 7 32 21 19 21 18 15 23 18 5 29 
29 12 8 16 18 22 18 5 26 20 17 18 
35 23 34 32 30 32 10 27 5 18 27 25 
16 18 28 24 16 13 21 31 2 36 33 17 
32 23 17 36 27 31 22 7 32 35 32 15 
27 1 33 14 28 18 35 4 26 5 3 32 
34 27 16 20 26 7 24 10 11 23 3 8 
26 7 9 13 8 29 3 34 11 20 21 36 
19 1 25 29 34 27 19 27 33 27 30 19 
20 22 18 25 24 32 22 23 24 7 19 6 
4 34 19 27 10 23 28 17 5 4 36 35 
6 11 23 31 29 18 20 22 24 4 29 34 
22 28 16 27 33 30 3 33 21 8 19 27 
32 3 23 9 5 26 22 33 36 30 2 16 
19 29 31 28 11 35 4 27 21 7 18 22 
18 18 34 31 28 1 29 28 32 12 23 32 
9 15 35 28 5 25 9 5 14 36 2 16 
28 7 22 27 10 21 27 15 24 17 34 15 
24 7 9 35 32 26 5 2 9 1 34 1 
14 34 33 17 34 11 28 17 1 25 21 5 
13 25 32 7 2 19 1 34 5 33 15 6 
17 35 3 21 12 21 4 22 13 16 16 19 
36 18 32 13 17 8 2 13 29 8 26 32 
30 35 24 1 21 32 10 16 21 12 19 20 
5 17 1 8 32 3 35 33 33 35 24 28 
36 13 7 35 28 1 25 7 1 11 13 35 
24 7 18 30 26 27 30 17 12 7 25 2 
2 32 35 8 21 17 17 10 32 19 24 8 
6 16 1 20 26 25 20 1 18 30 2 7 
30 9 1 27 5 20 3 35 27 6 3 1 
1 1 33 29 2 19 35 25 29 7 3 2 
32 15 10 12 35 7 14 36 24 15 13 15 
29 17 24 20 19 27 23 7 28 9 6 28 
32 2 24 23 2 6 13 26 11 21 12 32 
19 35 10 23 8 33 32 33 11 6 12 4 
16 11 25 25 27 13 13 26 17 12 14 12 
25 23 24 31 20 12 21 36 23 28 35 2 
9 36 3 17 6 1 19 30 30 30 20 2 
3 33 26 18 19 15 14 27 11 13 2 26 
3 18 3 15 27 9 30 18 17 2 35 31 
7 6 22 20 26 20 2 17 29 4 2 3 
34 4 3 19 6 1 4 8 27 4 21 19 
8 29 23 31 33 26 7 18 29 30 8 34 
27 14 27 26 36 2 19 18 15 15 3 29 
21 19 3 33 33 8 35 18 2 12 31 18 
31 16 36 25 4 22 34 24 35 8 15 11 
15 27 10 26 4 32 22 36 10 26 18 17 
16 17 15 27 21 36 26 28 4 26 34 33 
18 6 30 2 19 22 5 33 7 26 19 4 
6 28 14 28 3 16 24 7 32 26 12 6 
24 31 8 5 5 24 31 32 30 15 7 23 
12 14 21 10 18 34 3 14 26 12 4 14 
16 33 7 29 35 7 23 20 12 27 3 3 
26 32 7 34 2 18 5 1 11 26 33 4 
28 3 30 34 35 18 23 14 4 4 30 13 
33 3 29 29 14 21 15 32 28 11 28 10 
36 23 17 1 32 4 21 24 36 6 34 23 
8 17 6 7 32 21 4 31 8 3 23 10 
35 14 16 10 26 31 20 27 23 33 26 13 
19 9 22 11 4 20 32 22 1 8 34 6 
23 18 26 33 24 27 8 15 24 1 22 1 
29 1 32 35 8 7 4 10 35 13 3 1 
22 10 27 31 34 14 19 5 18 20 23 26 
10 15 24 7 31 5 25 33 14 23 23 33 
36 36 22 14 2 28 9 19 30 19 16 36 
11 33 23 11 10 18 1 2 27 23 20 23 
2 16 22 16 3 2 14 23 15 4 5 12 
15 15 14 23 14 1 7 18 29 14 31 2 
15 24 22 28 17 8 25 25 9 15 12 23 
8 13 30 18 18 34 12 8 2 13 6 26 
8 23 13 25 7 18 30 17 9 6 16 23 
36 1 21 26 19 13 17 5 7 35 3 9 
2 8 17 19 29 16 5 33 17 12 6 25 
36 29 34 10 11 28 1 8 15 35 9 6 
31 11 2 23 2 21 7 27 29 17 10 7 
10 25 27 2 3 34 10 36 1 11 29 16 
3 35 14 2 20 27 13 18 23 10 25 30 
26 15 23 29 28 22 25 24 14 35 26 1 
6 21 11 29 33 36 18 3 11 8 22 34 
30 18 28 34 11 14 21 5 5 24 1 17 
2 14 4 35 14 16 9 18 33 8 28 10 
9 28 32 10 35 25 17 26 2 14 15 9 
34 5 35 13 12 30 22 17 21 35 24 30 
36 17 25 33 17 26 18 23 35 35 18 33 
24 4 14 18 12 3 7 32 21 1 4 33 
11 2 27 34 31 26 17 33 1 8 22 30 
1 23 28 4 1 7 18 7 6 15 1 31 
10 4 8 6 10 8 30 35 14 21 27 20 
22 12 28 13 12 27 8 10 32 18 16 12 
24 16 19 31 27 13 30 12 2 23 8 15 
29 32 3 17 35 31 25 9 30 33 16 4 
7 28 31 31 27 12 24 30 11 10 9 4 
17 28 23 25 23 2 27 29 18 21 5 10 
25 14 32 20 4 16 16 29 7 27 5 5 
5 17 21 32 19 3 23 32 1 33 35 27 
23 8 26 2 13 30 4 25 11 10 15 1 
3 21 35 4 1 22 11 13 21 4 23 9 
31 11 17 12 26 18 14 13 25 10 23 3 
31 27 12 33 34 7 18 11 2 5 23 16 
24 6 7 4 32 19 13 13 11 25 17 16 
4 2 2 3 9 19 28 23 8 29 10 8 
16 13 29 21 2 2 23 21 33 16 16 28 
23 25 24 25 9 16 24 33 35 4 25 29 
17 30 21 35 3 30 29 32 31 1 33 5 
32 2 23 7 12 12 17 25 11 1 22 35 
29 22 19 20 35 4 5 34 3 5 31 23 
30 34 14 35 13 28 28 12 16 24 21 11 
32 10 27 21 5 26 13 23 35 17 25 8 
31 6 12 23 17 6 2 21 21 29 2 28 
34 12 24 21 6 20 4 6 5 22 12 30 
33 26 12 33 19 36 6 35 5 17 34 8 
36 19 24 28 27 19 4 33 12 4 28 35 
5 33 3 7 31 25 17 4 24 29 6 27 
12 17 25 16 3 35 33 4 33 29 4 4 
16 22 34 20 11 3 10 31 7 11 3 10 
14 15 8 33 17 36 17 13 13 14 12 4 
28 13 11 27 21 27 19 11 30 36 15 26 
14 4 26 5 9 8 26 30 23 22 31 12 
32 29 11 28 22 8 21 8 26 31 14 28 
27 8 4 34 18 32 31 23 15 27 29 7 
1 3 26 2 12 11 36 19 9 1 22 28 
30 34 35 33 21 1 8 22 32 31 30 27 
11 12 3 1 25 27 5 25 27 12 8 22 
36 4 10 26 21 22 33 23 29 4 32 19 
22 7 13 34 26 25 22 3 34 24 26 18 
15 32 12 1 17 33 8 26 21 17 2 31 
9 19 7 13 12 15 21 35 28 10 21 11 
7 15 4 14 30 36 20 7 20 17 34 25 
18 33 27 26 16 24 20 17 25 16 4 9 
11 35 33 25 26 25 36 28 13 15 16 16 
18 35 29 30 25 5 27 23 8 29 19 22 
15 31 20 7 17 7 16 22 9 9 27 22 
36 29 16 30 9 33 13 2 26 4 4 32 
15 34 16 35 4 30 3 4 34 35 10 24 
6 32 8 6 18 35 32 29 6 21 13 8 
14 29 21 25 2 23 13 30 35 29 7 21 
27 32 25 36 14 35 31 19 15 3 30 28 
20 12 17 15 21 2 25 20 9 20 19 30 
22 17 8 35 15 8 6 35 18 33 20 11 
21 11 23 19 7 29 32 34 29 1 36 21 
12 25 2 24 17 21 21 21 28 18 24 32 
29 8 29 30 4 15 19 17 23 8 20 1 
25 8 20 23 35 23 12 21 1 21 5 36 
27 35 5 1 3 12 3 10 33 7 33 11 
4 24 13 1 16 22 9 22 1 15 2 25 
11 5 18 33 33 15 22 12 29 27 23 9 
3 10 30 3 30 36 29 22 7 9 32 14 
7 35 34 16 10 4 6 16 34 17 29 16 
6 35 30 27 1 21 30 12 35 1 13 14 
18 33 5 3 12 29 1 19 20 35 22 31 
9 17 27 8 25 28 31 13 28 26 36 24 
10 16 5 8 19 21 21 6 27 4 9 32 
10 22 23 31 5 21 3 18 1 3 13 20 
3 32 13 34 23 2 4 12 19 11 22 12 
7 7 25 31 13 23 6 33 29 23 10 31 
21 29 17 35 5 35 36 22 5 28 5 14 
1 15 21 4 16 19 33 6 14 15 25 8 
16 30 36 31 27 25 35 28 27 16 8 18 
4 16 20 29 25 22 28 21 1 35 19 32 
11 14 34 28 17 26 19 29 25 4 19 7 
25 24 31 5 27 2 23 28 12 35 31 35 
35 12 9 14 5 16 23 11 19 30 14 8 
24 34 9 34 35 13 31 26 14 23 21 3 
20 13 17 35 6 12 36 31 4 31 17 34 
34 9 14 36 29 22 24 2 34 1 8 27 
22 15 28 25 28 28 2 3 8 7 24 20 
28 1 28 26 11 17 26 5 19 31 13 21 
28 12 13 11 12 19 21 31 32 12 27 1 
32 17 31 19 22 18 29 5 7 16 36 10 
30 8 23 30 33 25 36 32 26 26 30 14 
4 5 12 1 24 10 30 23 28 19 9 21 
32 20 9 17 35 16 20 6 15 9 27 3 
11 17 3 36 4 33 34 32 31 14 23 11 
25 20 4 36 27 28 36 27 35 1 20 5 
4 11 27 13 11 15 35 33 5 21 17 34 
15 14 19 26 6 29 13 7 26 29 27 15 
16 10 28 28 26 17 11 11 19 7 26 32 
25 7 29 27 3 1 9 34 6 34 25 24 
19 35 2 21 31 12 8 27 16 21 32 23 
30 14 1 19 33 35 28 18 31 14 30 2 
34 4 8 3 20 15 30 20 29 4 34 28 
27 33 7 8 12 31 7 1 5 2 30 32 
25 9 17 11 12 28 19 18 24 36 13 8 
25 15 7 25 36 20 3 14 23 13 36 11 
24 32 6 36 9 32 28 34 30 4 35 8 
10 17 21 22 35 20 20 19 11 14 30 7 
8 28 16 13 36 30 5 2 2 19 9 1 
16 24 8 28 14 16 9 9 11 34 24 3 
21 25 27 10 4 29 26 5 20 2 14 9 
33 19 6 22 7 28 36 34 3 11 11 23 
6 20 19 8 28 28 29 16 22 13 6 15 
28 8 16 34 24 34 24 34 35 1 3 25 
23 30 11 26 14 24 26 21 13 10 1 5 
13 24 5 20 7 16 3 36 1 15 2 20 
36 27 29 24 25 31 8 19 19 8 11 33 
9 29 36 33 8 30 22 2 16 5 18 30 
31 31 28 6 24 21 20 3 4 9 27 32 
1 27 22 18 36 33 29 14 12 5 12 13 
4 19 4 18 4 5 1 10 27 3 25 24 
28 7 24 16 6 5 20 14 13 21 26 1 
17 9 17 10 6 13 25 28 25 19 21 22 
13 11 21 34 29 28 32 31 22 22 3 23 
24 26 1 17 10 32 34 18 29 1 29 3 
2 13 2 30 31 28 9 26 27 17 7 3 
32 5 25 12 28 19 27 8 22 15 18 11 
26 34 33 18 19 27 9 12 24 3 11 12 
11 18 11 12 1 3 31 12 26 26 27 7 
16 16 34 34 27 29 32 15 25 20 20 26 
19 22 36 33 35 30 23 29 12 35 8 8 
24 34 7 6 10 20 25 35 32 35 28 10 
3 28 11 3 3 22 25 36 3 29 4 31 
21 28 9 34 19 23 8 30 3 20 27 9 
19 18 3 25 17 14 5 26 30 22 9 15 
7 21 9 2 28 31 27 16 21 10 35 17 
18 13 3 13 22 9 35 31 11 18 3 9 
10 19 6 10 20 28 13 23 17 1 30 29 
29 34 12 20 30 22 14 15 3 17 35 5 
17 4 26 10 16 15 21 11 13 27 30 9 
2 2 18 23 14 36 26 10 17 13 17 2 
9 16 28 20 10 2 8 27 7 22 3 34 
35 23 27 13 36 10 21 17 27 22 28 15 
4 13 7 21 7 14 13 19 18 31 26 26 
10 3 2 26 17 22 35 25 14 7 27 12 
16 32 23 15 19 17 28 6 24 27 15 34 
17 29 32 20 11 28 4 35 19 15 18 21 
5 7 4 8 22 24 16 24 15 3 25 9 
5 7 12 34 21 7 11 31 21 24 32 27 
35 20 15 30 20 20 8 23 35 24 3 17 
3 16 25 12 4 16 10 8 32 19 36 4 
27 23 5 25 5 14 14 26 10 11 3 22 
14 29 14 29 23 20 8 6 31 30 1 23 
20 15 19 6 19 14 6 7 23 7 13 22 
13 31 14 2 34 36 30 23 6 11 13 19 
8 2 22 16 5 25 12 14 28 6 19 3 
12 19 5 19 19 25 14 29 3 11 7 5 
33 27 24 11 28 36 22 16 34 36 29 36 
18 21 20 13 6 11 3 23 27 27 25 26 
6 8 28 29 35 20 10 8 24 21 35 22 
19 28 10 23 6 4 13 16 13 22 28 36 
22 33 26 16 29 14 2 9 34 19 6 24 
11 27 8 19 22 3 6 28 29 34 5 18 
20 29 13 29 22 10 30 9 35 31 18 6 
6 27 30 20 22 14 35 10 12 13 24 8 
6 1 27 15 15 17 9 35 8 14 2 33 
28 13 13 21 26 18 1 30 30 36 3 29 
26 24 4 34 15 8 35 32 28 36 13 16 
10 3 34 27 19 23 8 25 28 36 26 7 
8 19 33 35 29 4 1 13 35 11 4 1 
21 6 4 34 14 33 19 12 5 4 19 16 
34 15 20 16 34 22 29 33 29 32 2 16 
7 11 29 6 1 31 1 23 28 11 4 25 
23 24 36 4 8 24 27 20 11 32 3 14 
8 6 32 1 27 21 6 25 10 35 6 6 
18 5 3 19 25 32 28 9 35 17 13 22 
30 27 23 17 28 23 33 14 25 29 25 29 
18 24 28 9 31 30 22 31 33 35 9 26 
36 15 6 16 25 36 2 23 17 12 11 28 
9 3 1 3 15 3 35 24 36 15 14 27 
29 25 14 21 13 15 15 15 31 17 28 17 
15 3 23 11 23 1 25 8 18 7 21 32 
16 6 27 4 35 17 12 8 30 35 2 16 
5 9 24 29 12 29 22 30 14 7 18 8 
30 26 11 15 11 11 8 36 18 12 13 13 
8 10 25 33 27 20 10 12 18 20 11 2 
17 24 12 12 7 11 18 5 23 31 15 12 
5 30 11 10 13 23 28 22 3 27 21 26 
21 34 1 26 20 18 14 24 28 36 18 35 
24 7 25 30 16 7 13 4 15 10 6 34 
19 6 36 24 9 1 34 15 36 23 11 36 
10 19 21 14 28 20 23 14 29 2 30 31 
33 2 35 27 14 25 29 6 25 9 9 5 
6 26 23 10 13 27 6 6 5 4 9 8 
12 30 7 24 14 25 5 12 28 9 16 12 
35 21 11 31 3 20 22 7 10 29 25 13 
5 36 3 1 25 29 14 2 29 23 10 13 
35 15 22 29 3 21 25 21 25 10 17 14 
21 7 20 14 15 19 15 27 17 24 27 28 
12 32 24 36 35 19 20 24 26 22 22 8 
31 21 24 34 33 4 1 29 19 20 21 29 
29 20 17 5 29 28 16 15 36 3 35 26 
34 29 5 18 14 15 6 16 19 34 27 23 
6 1 33 14 28 7 6 12 30 7 8 32 
17 24 10 9 30 34 18 30 24 20 36 21 
18 10 17 23 17 12 5 23 12 20 15 20 
27 22 25 9 35 32 18 15 14 10 20 10 
32 10 14 13 17 5 13 11 7 36 9 2 
11 22 4 8 12 10 30 7 23 30 23 12 
35 9 33 25 30 24 1 21 6 28 13 4 
7 11 15 27 35 24 26 34 34 22 4 18 
2 11 25 14 10 6 21 6 31 11 22 13 
25 12 32 19 4 10 4 33 7 10 6 21 
8 4 32 4 2 12 24 1 1 35 18 26 
1 23 36 35 16 31 25 10 29 2 10 36 
16 11 33 24 36 8 19 10 22 28 36 6 
36 35 25 3 6 13 18 31 14 3 27 6 
5 17 14 12 17 12 24 21 25 20 9 36 
35 35 31 1 24 10 27 6 6 27 2 17 
24 5 3 30 4 27 11 2 25 35 4 26 
19 28 4 36 23 1 7 12 4 29 20 26 
9 3 4 22 14 23 25 30 4 7 8 33 
23 18 3 22 26 3 35 12 9 19 34 5 
13 32 30 30 19 33 25 30 12 10 27 23 
21 11 9 18 8 9 30 9 16 1 33 3 
2 14 28 30 35 9 12 2 15 9 9 3 
3 3 5 3 21 5 10 7 27 1 33 4 
31 10 23 12 21 7 12 12 30 9 27 26 
20 32 30 6 8 5 10 20 35 14 23 2 
5 5 27 21 21 6 21 21 21 20 8 7 
4 6 33 1 7 24 15 35 31 11 16 14 
6 3 15 26 12 13 5 21 18 14 6 23 
1 35 10 3 10 14 22 35 2 31 26 33 
35 8 4 28 12 17 28 26 2 21 17 24 
33 36 3 32 12 5 10 13 14 25 10 4 
27 3 22 35 28 26 28 30 25 18 35 20 
2 18 10 19 10 22 15 11 26 36 14 12 
17 10 6 6 16 10 2 29 7 29 19 8 
32 30 32 27 36 1 28 35 26 14 22 21 
