1000
36 1 39 31 13 17 43 27 10 24 21 5 
26 9 48 36 40 18 44 30 6 22 12 33 
47 23 7 29 35 12 16 44 38 20 3 41 
40 5 30 37 27 20 24 1 8 46 13 33 
9 20 31 48 45 35 4 39 25 12 15 28 
28 22 6 9 36 18 1 25 33 14 40 47 
24 10 7 47 18 4 40 21 13 27 31 34 
48 18 15 32 40 9 37 26 23 43 29 6 
15 40 48 6 19 44 2 32 36 28 10 23 
14 45 33 48 20 8 2 39 23 36 29 26 
43 47 3 10 34 23 30 7 16 13 39 19 
12 32 45 1 35 18 8 41 5 15 28 22 
48 39 25 8 21 42 29 32 5 18 14 2 
26 17 37 34 40 4 48 20 45 1 31 12 
8 38 29 41 15 4 18 47 11 26 1 33 
7 24 48 27 4 20 44 35 17 39 14 11 
23 20 38 8 1 32 26 29 42 5 45 48 
16 48 6 26 13 19 42 29 3 45 34 22 
31 1 27 45 38 48 41 6 34 19 11 22 
48 33 39 2 17 45 26 5 9 22 36 30 
31 13 1 19 47 40 22 27 44 36 4 7 
41 16 36 28 45 31 20 48 25 1 13 6 
33 30 38 42 14 10 26 21 48 7 1 45 
41 12 48 2 16 19 35 9 38 45 26 32 
34 45 20 16 11 24 28 38 5 48 2 42 
15 44 1 48 30 12 4 33 26 40 36 21 
34 8 31 44 4 38 12 18 47 41 27 21 
47 42 13 4 1 36 18 21 32 28 39 24 
5 47 37 21 34 13 27 24 8 1 16 44 
34 17 43 31 48 38 28 10 13 20 6 2 
11 14 37 1 22 46 25 34 18 5 42 31 
18 15 48 1 31 40 44 37 4 12 34 28 
20 27 31 1 5 16 8 11 34 48 39 45 
23 17 43 40 5 26 13 35 20 48 10 29 
12 1 26 41 36 33 44 20 15 5 23 47 
32 11 22 16 26 29 5 2 36 45 48 39 
1 27 18 10 45 48 24 4 21 32 15 36 
6 13 48 34 45 19 31 2 41 16 22 38 
4 7 42 27 16 1 46 10 13 31 38 34 
4 18 21 48 38 25 41 28 33 13 8 45 
9 18 47 1 43 23 4 31 28 14 34 38 
8 28 14 42 48 25 1 32 36 20 17 39 
21 15 41 4 28 38 46 31 11 24 18 8 
48 6 43 27 13 40 32 24 20 17 3 36 
48 41 16 9 25 45 6 31 1 19 35 12 
32 5 11 29 48 8 42 23 45 15 37 26 
44 27 21 2 35 17 48 39 24 6 14 30 
24 27 35 11 16 7 2 39 21 48 32 44 
43 9 24 13 48 4 1 16 21 31 38 34 
33 29 22 9 12 26 6 37 40 19 16 47 
44 33 36 22 13 4 26 19 41 10 47 16 
6 39 30 15 33 47 11 26 1 18 22 36 
1 31 9 6 44 41 18 12 21 34 47 38 
17 2 31 42 38 12 23 20 45 5 8 35 
32 19 25 28 16 6 46 42 22 10 3 35 
46 37 16 9 20 23 13 2 28 40 6 33 
2 19 33 26 10 36 23 42 45 29 39 13 
16 11 38 33 7 21 1 44 24 41 27 48 
12 47 18 24 32 39 43 21 27 4 1 7 
2 25 39 20 31 42 28 10 6 36 16 45 
26 33 8 4 15 22 12 29 37 19 42 46 
19 38 4 13 31 7 25 44 22 41 1 16 
2 15 23 9 43 31 36 48 12 5 28 40 
33 1 24 36 17 30 43 20 40 47 10 13 
9 45 37 22 1 34 26 48 12 19 31 16 
19 15 32 28 44 41 11 38 1 23 4 8 
9 48 45 42 27 14 37 31 2 18 6 34 
45 32 10 14 42 29 39 24 36 5 2 18 
2 36 27 8 45 16 13 48 5 33 24 40 
20 44 17 29 39 6 3 47 26 9 23 13 
33 2 14 5 28 48 36 24 20 11 8 39 
47 30 2 39 42 8 5 25 15 19 36 22 
23 11 45 20 34 42 1 37 16 48 26 5 
48 4 19 38 11 45 15 35 32 8 29 41 
36 16 46 19 22 39 13 25 42 29 2 7 
20 39 33 11 2 48 45 17 14 42 36 5 
9 36 15 20 12 5 2 40 33 25 48 28 
47 42 24 4 27 18 15 21 30 35 1 8 
19 42 27 32 46 37 10 1 16 6 22 13 
2 28 38 41 12 25 31 22 5 47 19 44 
29 17 1 11 47 20 5 42 36 14 32 25 
41 18 38 48 8 34 5 11 29 24 2 15 
46 40 22 43 19 26 1 12 29 4 37 33 
37 21 48 2 16 34 41 28 44 25 10 13 
29 39 34 17 4 12 24 47 1 20 42 7 
31 35 21 17 7 25 42 47 1 4 38 28 
12 23 8 42 45 16 20 37 48 2 5 33 
34 10 15 31 18 28 3 43 22 46 6 37 
48 33 42 39 23 12 16 4 19 45 36 9 
8 25 45 16 38 28 31 1 13 35 42 22 
30 15 3 46 20 11 43 27 34 23 39 6 
34 24 1 30 4 15 20 41 47 38 12 44 
22 16 19 12 7 34 46 28 25 4 40 1 
25 15 6 12 42 18 9 46 39 22 30 34 
43 34 24 17 13 6 9 48 27 21 38 31 
11 48 34 42 24 7 14 30 37 4 27 45 
11 18 22 1 39 48 45 25 28 35 32 8 
35 4 32 21 15 10 28 18 46 1 43 25 
39 11 35 1 30 25 7 18 45 22 48 15 
31 37 10 48 14 17 24 42 1 45 21 7 
41 13 6 10 33 44 17 38 48 3 20 26 
11 25 41 38 5 8 1 29 44 20 34 17 
9 44 14 37 31 41 34 17 48 28 21 3 
3 40 47 15 7 22 18 35 25 12 43 32 
32 18 21 35 47 8 27 44 41 14 24 3 
6 27 3 30 42 38 46 21 33 13 10 24 
12 33 16 24 4 45 37 30 8 48 20 27 
19 8 25 48 45 34 1 39 5 16 12 28 
17 25 45 21 39 6 3 9 35 28 32 13 
43 37 14 20 17 30 1 26 23 33 11 6 
45 20 48 17 41 26 34 23 38 11 4 8 
47 8 29 18 43 2 11 25 32 5 36 22 
19 42 33 45 14 5 39 30 36 2 22 25 
12 6 25 31 34 19 1 9 28 47 16 22 
36 15 32 18 28 5 47 21 39 12 8 1 
5 8 36 2 39 47 11 33 44 22 17 14 
17 41 44 38 1 9 13 5 31 21 25 35 
20 40 28 17 2 25 37 43 34 13 10 7 
15 10 1 23 47 44 38 41 26 20 33 29 
6 38 35 46 26 2 18 31 14 9 42 22 
36 42 19 26 5 45 2 48 23 33 29 10 
41 45 11 38 26 23 19 15 1 48 29 32 
24 16 3 13 47 36 44 21 41 9 6 32 
30 33 1 43 22 27 4 13 47 7 18 37 
24 10 39 43 33 36 47 17 7 4 1 29 
27 7 12 20 38 45 32 42 48 23 16 35 
28 13 32 1 35 25 7 42 39 45 10 16 
40 6 22 36 19 43 2 28 9 32 16 46 
31 28 38 5 35 47 44 22 16 41 2 12 
25 3 12 7 48 33 45 29 42 36 21 18 
9 2 25 16 22 41 44 34 28 38 12 31 
8 11 32 16 47 38 2 35 26 20 44 29 
37 19 48 23 33 40 26 4 30 8 15 44 
36 47 17 7 40 14 33 24 11 30 20 43 
11 1 43 28 19 31 5 48 36 39 8 14 
35 26 4 16 44 48 9 12 21 38 41 1 
25 48 8 45 16 2 32 11 41 5 36 19 
22 3 10 14 17 36 28 7 45 25 40 32 
31 18 7 15 39 22 34 12 48 44 28 1 
17 2 26 20 6 32 23 41 45 35 29 14 
10 20 43 28 25 34 37 7 48 1 17 13 
8 20 1 17 35 25 14 40 4 44 29 32 
26 35 16 13 47 23 4 38 19 7 42 32 
24 44 13 10 32 38 28 35 21 18 41 6 
11 47 36 30 1 8 18 26 22 41 15 44 
24 37 16 48 44 13 1 28 41 32 20 9 
15 39 2 26 20 23 48 45 29 9 34 6 
17 20 47 38 8 5 44 25 31 14 2 28 
7 39 48 3 45 35 22 13 42 25 32 29 
22 41 38 8 2 13 5 47 34 28 25 18 
30 38 48 33 5 13 10 42 1 45 26 17 
41 29 14 47 4 7 11 21 17 24 33 36 
8 17 14 40 25 32 2 44 37 20 28 11 
37 25 10 22 6 31 41 2 44 13 47 19 
22 17 30 8 48 44 5 40 13 1 27 37 
48 4 31 39 15 42 12 19 8 45 26 36 
4 1 42 25 8 46 38 22 35 18 31 11 
25 37 12 34 15 44 5 48 30 21 8 18 
24 5 13 27 41 44 34 17 2 9 48 37 
44 41 14 28 1 25 33 7 21 18 4 37 
29 5 2 8 48 25 39 15 12 32 19 43 
1 46 25 22 8 37 11 16 29 34 4 40 
2 27 24 17 46 6 42 31 34 9 38 20 
34 38 31 44 13 48 23 1 17 10 5 41 
20 38 45 2 28 42 48 11 8 5 23 33 
42 20 34 7 10 4 31 17 45 23 26 48 
46 42 26 29 5 32 2 23 8 39 18 36 
31 7 37 40 2 45 13 17 21 34 25 48 
47 8 40 5 17 25 37 44 2 21 28 14 
12 48 8 31 26 23 44 41 5 35 15 19 
27 23 44 19 11 30 40 1 7 4 15 48 
36 42 39 46 24 9 1 33 15 18 4 27 
1 40 13 19 47 35 44 24 16 30 9 27 
2 42 8 35 18 11 21 30 5 45 14 38 
24 16 1 12 9 32 48 27 40 5 36 43 
29 44 25 19 10 47 14 32 2 22 7 40 
37 2 40 18 8 46 30 25 33 5 22 43 
5 42 19 38 25 1 48 16 31 45 28 12 
14 8 45 11 38 32 25 35 1 42 28 21 
23 19 27 1 48 40 36 4 9 33 44 16 
30 2 36 48 45 27 19 10 42 24 16 39 
36 4 21 7 18 13 1 31 39 46 10 25 
46 17 5 29 37 32 9 14 26 23 43 40 
3 16 11 34 38 19 47 25 29 8 42 22 
37 23 47 19 2 44 28 40 11 5 31 8 
23 2 26 48 18 9 40 31 15 6 12 36 
45 40 11 19 26 35 30 5 16 1 48 23 
11 27 1 35 48 24 39 43 20 30 16 7 
40 14 26 20 4 48 1 37 33 43 30 9 
9 23 31 41 20 12 38 16 4 44 48 34 
42 18 48 15 28 11 45 32 1 38 5 22 
25 1 12 9 18 40 4 45 31 21 34 28 
30 39 5 1 23 20 45 8 48 13 17 36 
35 20 14 39 7 4 24 27 31 44 10 17 
32 11 43 46 20 8 38 14 26 23 35 17 
13 42 33 37 30 10 7 2 23 27 20 47 
2 24 15 44 34 27 47 37 40 10 18 5 
26 29 10 14 21 48 17 42 34 45 39 7 
28 15 44 4 41 12 37 9 20 47 32 1 
10 1 17 40 27 46 13 23 30 35 7 4 
19 6 39 31 28 13 22 10 25 42 16 3 
2 14 26 11 8 47 23 5 41 37 44 17 
39 28 46 25 11 8 5 1 22 42 35 14 
12 33 26 19 48 23 42 1 37 8 29 16 
8 17 25 48 39 12 31 20 5 1 43 35 
8 18 46 3 28 37 21 12 32 40 25 15 
44 7 48 37 30 22 27 40 2 13 10 18 
31 44 47 28 4 14 34 25 22 17 9 40 
13 48 23 41 18 45 5 8 32 38 1 26 
16 37 40 27 43 5 11 24 34 30 19 47 
32 10 23 47 1 29 7 44 41 38 20 35 
8 46 43 24 38 16 32 19 12 2 5 28 
35 23 16 13 1 45 32 48 19 10 40 6 
12 6 34 25 43 22 9 29 18 3 15 40 
39 26 45 48 33 23 5 14 1 36 8 19 
31 34 14 3 8 11 46 38 41 20 25 17 
45 1 30 37 48 13 19 16 40 22 27 7 
38 1 35 13 5 45 21 25 48 31 16 28 
28 41 19 38 13 31 2 16 47 9 24 5 
11 1 46 23 39 4 8 18 42 29 15 36 
12 31 15 34 1 25 28 5 42 47 21 18 
39 18 22 10 42 35 7 28 45 32 3 13 
43 23 2 48 20 7 14 17 33 27 11 39 
44 29 13 37 24 7 1 19 10 4 41 33 
34 20 1 5 14 11 45 8 31 38 28 41 
45 38 5 16 13 35 28 24 10 48 19 1 
44 5 23 12 39 9 2 48 19 29 16 33 
25 21 8 34 14 28 48 44 11 41 4 18 
24 47 27 40 2 15 43 37 9 12 33 20 
15 32 1 41 5 8 37 25 18 29 46 12 
45 42 26 37 30 48 33 10 23 20 14 2 
47 38 4 30 13 26 19 43 16 22 35 8 
43 5 1 30 8 16 27 13 23 40 34 47 
41 44 18 48 38 29 7 25 11 1 4 33 
29 14 45 22 7 1 41 4 11 17 32 36 
29 1 14 17 36 39 5 32 43 48 9 20 
48 20 17 8 38 23 28 41 11 4 35 32 
47 4 31 23 17 8 39 27 11 42 1 34 
32 20 42 45 14 24 6 2 38 28 10 17 
12 37 9 47 24 44 1 20 28 40 17 33 
34 17 23 14 26 9 5 20 30 46 42 1 
16 23 33 42 12 4 20 39 1 36 45 30 
13 33 36 45 30 1 25 5 10 18 42 21 
7 18 38 25 48 32 21 41 14 11 28 1 
47 8 41 2 32 38 15 25 18 44 11 35 
20 23 11 48 34 14 6 37 3 43 40 30 
6 30 26 41 34 47 12 15 23 2 19 9 
29 40 18 35 11 1 48 25 32 22 5 44 
39 30 27 45 15 24 48 34 12 4 9 21 
23 42 46 11 7 14 32 17 29 20 26 39 
24 21 29 41 15 33 1 4 48 12 7 18 
19 32 38 43 25 15 7 29 48 4 10 1 
25 37 42 1 11 31 4 18 48 8 34 22 
11 27 41 19 16 33 45 7 4 23 1 30 
5 22 32 28 37 40 44 8 19 11 15 48 
30 11 23 27 14 33 42 39 19 1 45 36 
37 26 4 42 29 45 1 14 8 32 48 19 
31 15 48 18 45 11 2 28 36 7 40 22 
30 1 44 4 21 12 7 39 25 35 18 47 
4 10 24 31 1 17 43 14 37 40 27 34 
41 14 22 48 32 44 17 35 9 5 2 28 
8 32 36 3 43 27 11 48 14 24 19 39 
18 22 1 8 31 28 47 11 34 38 14 42 
34 48 24 3 45 11 21 29 42 8 14 17 
42 21 48 10 39 2 29 26 32 6 15 45 
12 24 43 30 27 8 33 3 20 15 40 36 
10 30 21 18 44 37 13 1 41 47 24 7 
29 22 44 35 14 25 32 47 5 8 18 38 
18 8 46 5 43 34 23 15 40 37 12 27 
5 1 11 29 48 44 16 8 21 37 25 33 
11 5 35 45 26 38 22 14 19 2 8 30 
10 48 45 33 42 24 28 1 21 7 36 17 
9 32 19 48 36 14 2 40 22 44 25 28 
44 4 21 17 33 1 40 10 48 24 29 7 
32 36 24 1 19 46 11 5 16 8 39 28 
13 4 41 44 48 1 29 16 10 20 33 25 
48 23 4 36 1 45 30 33 14 18 8 40 
1 30 10 23 41 18 7 4 44 47 34 26 
9 29 22 13 16 45 34 6 19 37 40 3 
32 9 48 20 26 40 37 6 13 45 3 23 
30 18 48 33 1 25 5 42 38 15 45 22 
35 48 24 10 16 13 27 20 30 7 41 44 
10 4 46 17 21 28 13 43 7 39 36 25 
48 34 22 26 38 45 14 18 6 1 9 29 
4 20 34 40 43 48 24 7 37 11 15 27 
35 28 32 38 24 20 1 8 48 5 12 42 
24 30 16 33 36 9 45 21 3 13 48 27 
48 6 12 38 19 15 29 42 22 9 45 26 
30 39 4 45 48 42 16 23 10 19 1 26 
47 9 2 20 27 5 43 30 17 12 34 40 
7 13 4 10 30 43 39 17 48 24 20 36 
17 24 21 27 36 2 45 5 30 11 41 33 
21 37 28 34 48 42 14 31 5 17 8 1 
4 48 32 8 41 17 20 44 23 36 29 13 
30 4 48 26 21 38 14 17 10 42 7 33 
11 24 21 14 33 48 42 4 45 17 7 28 
31 38 14 34 1 28 7 25 48 45 19 42 
42 26 10 31 5 13 34 38 19 16 23 2 
40 48 10 3 24 37 43 33 20 17 30 27 
15 1 28 36 46 18 32 6 10 39 21 24 
22 11 29 42 46 3 6 32 35 39 15 18 
15 18 27 8 4 30 43 38 12 21 34 48 
39 4 14 28 21 43 32 9 24 1 17 47 
29 42 39 2 33 15 5 26 9 18 21 47 
15 1 5 29 8 44 37 21 34 11 48 24 
46 1 22 8 17 11 41 31 28 37 25 14 
34 13 37 25 40 7 29 4 22 47 16 43 
37 34 1 43 31 19 16 9 6 47 22 12 
44 34 21 1 9 27 31 39 15 47 12 6 
25 14 17 46 10 37 22 33 4 7 28 40 
3 29 13 41 7 45 23 16 48 20 32 36 
2 40 13 29 44 47 5 32 20 36 24 16 
43 28 9 32 6 14 48 22 37 2 17 25 
40 17 21 2 10 37 27 30 5 48 45 34 
35 20 39 24 5 27 31 10 17 42 13 48 
15 40 8 1 44 22 29 35 47 32 12 19 
40 29 34 10 1 22 25 4 18 44 37 47 
12 29 18 22 9 42 15 39 36 6 45 26 
18 12 15 48 8 27 24 31 44 5 1 34 
17 21 41 38 27 44 35 5 12 48 30 2 
15 9 2 37 27 12 44 30 19 5 33 48 
5 41 47 33 36 18 24 15 27 30 11 8 
13 37 1 16 26 21 47 40 4 33 43 30 
24 31 34 20 7 47 2 13 10 43 28 40 
17 22 35 13 44 32 41 1 7 4 10 28 
7 10 16 32 28 4 13 20 36 25 47 1 
36 18 15 32 21 1 45 8 12 48 29 24 
8 19 25 33 40 36 2 22 11 48 15 45 
29 39 35 9 22 18 6 43 1 48 26 14 
19 40 25 11 16 28 2 46 37 31 34 5 
9 3 17 6 26 37 48 20 45 41 31 12 
38 13 6 10 35 32 26 46 41 1 21 16 
26 17 30 7 38 48 22 14 1 4 41 10 
4 48 26 19 43 36 22 16 12 39 7 29 
18 28 1 21 39 46 11 42 36 33 7 4 
41 37 45 12 34 21 48 24 5 15 27 1 
29 11 41 48 4 44 37 32 15 7 18 23 
45 20 38 30 2 33 27 10 41 16 13 24 
10 44 33 41 20 16 13 7 38 28 48 2 
10 1 26 6 36 41 44 47 15 29 33 18 
4 17 11 41 31 47 14 44 38 24 35 8 
40 29 19 35 13 8 2 32 45 48 24 16 
48 14 6 19 45 37 2 23 29 9 26 40 
45 1 30 33 22 4 42 26 7 39 12 48 
1 38 8 42 5 15 34 46 24 31 20 11 
37 10 31 17 3 47 34 13 21 41 7 26 
1 39 44 35 16 23 48 26 4 19 31 12 
48 29 23 35 11 1 26 38 32 4 17 14 
47 4 22 30 15 19 35 11 1 44 39 25 
43 8 16 36 48 25 40 13 20 28 3 32 
2 16 5 23 9 32 46 43 35 40 27 12 
43 27 12 40 31 9 3 21 6 47 15 34 
1 26 8 33 5 29 43 47 13 37 21 16 
9 23 12 1 5 44 33 47 37 19 16 28 
6 1 38 30 24 44 41 34 27 10 48 18 
29 10 20 24 40 33 37 43 1 17 13 48 
14 31 27 41 20 35 6 38 44 17 48 10 
22 7 34 31 15 4 18 27 11 39 45 1 
18 44 47 14 30 7 26 37 3 23 10 41 
18 40 27 15 12 32 43 3 46 36 9 21 
32 29 23 7 17 26 40 10 14 35 20 47 
9 17 41 21 4 27 30 34 1 37 47 24 
32 35 29 39 6 26 13 43 46 9 1 23 
40 25 1 14 19 7 10 35 44 22 48 29 
38 4 45 21 9 31 28 1 14 18 25 41 
43 14 23 29 1 17 4 20 40 9 33 37 
31 40 3 47 37 34 44 17 23 14 26 11 
28 8 32 40 22 11 19 35 45 25 14 1 
24 10 37 40 31 43 14 6 27 17 48 3 
18 1 27 32 24 36 8 41 5 12 44 21 
7 2 10 28 32 48 18 35 40 15 45 23 
5 33 28 36 47 13 19 39 16 8 22 43 
13 16 33 30 46 24 42 5 39 20 1 9 
28 20 13 32 7 10 35 45 3 17 24 48 
31 20 48 3 42 28 14 10 35 24 38 45 
48 38 24 9 17 28 14 1 5 35 32 41 
2 45 34 31 20 24 6 15 48 42 38 11 
48 42 22 17 5 38 2 35 12 32 26 8 
14 27 24 34 10 31 18 45 42 21 7 1 
43 17 5 28 37 47 20 32 2 25 10 40 
2 22 30 34 13 16 47 39 6 19 9 25 
19 36 25 40 48 28 5 8 33 44 11 14 
15 33 6 37 25 18 45 21 30 3 11 42 
44 37 34 41 14 19 11 1 31 48 24 6 
2 22 18 34 42 12 9 31 5 38 48 26 
2 16 5 25 45 34 38 8 42 29 48 13 
21 48 15 38 1 4 18 30 9 27 45 41 
36 25 7 44 10 1 4 47 22 29 18 13 
41 33 1 22 4 48 38 8 44 14 19 26 
48 42 17 39 14 2 36 7 20 23 33 11 
4 8 12 1 42 38 28 32 18 35 22 48 
30 13 1 16 24 39 20 6 45 27 48 34 
1 5 45 31 13 23 27 18 48 41 34 10 
42 39 6 16 2 45 48 36 21 12 29 33 
44 28 15 9 5 2 22 39 31 12 36 19 
34 41 31 1 38 28 12 19 46 7 25 16 
3 41 10 15 47 23 38 35 30 44 6 18 
1 29 4 39 36 32 26 13 45 42 7 21 
10 31 18 48 7 35 4 1 28 15 22 39 
4 34 48 45 38 12 1 30 8 42 26 16 
1 17 37 21 4 48 42 45 11 24 30 27 
40 8 15 24 1 36 12 5 20 48 28 32 
23 4 20 1 40 12 8 31 26 48 45 36 
11 21 44 7 41 17 31 3 14 25 48 34 
22 11 30 8 37 48 1 25 15 41 33 45 
15 24 43 12 40 34 2 21 30 18 46 8 
46 22 11 26 39 14 4 29 7 43 19 36 
4 34 47 1 25 8 21 11 18 44 14 29 
5 41 47 27 10 1 21 38 30 18 33 14 
26 22 39 30 6 9 42 17 2 45 48 34 
44 47 33 16 38 19 23 8 29 13 41 2 
17 5 27 13 40 37 2 34 8 31 21 24 
10 6 14 34 45 48 2 40 19 28 37 23 
35 48 20 28 31 1 24 7 40 43 15 12 
8 23 36 15 26 18 41 11 32 29 1 4 
48 25 2 31 8 40 34 5 17 20 43 13 
11 6 41 46 31 23 26 38 20 35 2 16 
48 45 1 4 41 12 37 7 28 32 25 19 
46 17 37 11 1 25 33 22 8 5 41 30 
9 16 23 39 46 36 12 30 20 6 43 3 
48 35 45 42 24 18 4 30 15 27 7 39 
7 45 41 27 48 4 10 15 20 30 1 34 
39 2 36 13 25 16 43 7 10 19 31 28 
48 45 30 17 6 10 42 20 36 23 39 27 
48 22 29 19 8 40 32 4 13 26 35 45 
33 30 23 39 6 46 27 17 42 2 9 12 
8 34 22 37 5 15 2 31 19 27 40 44 
27 48 38 7 44 1 19 10 35 16 4 41 
43 46 31 3 21 15 27 9 37 12 40 18 
36 25 45 42 19 48 5 22 32 28 1 9 
13 42 39 19 28 25 36 16 31 3 7 22 
12 44 29 26 19 41 32 48 5 16 35 38 
44 31 9 13 22 40 19 16 6 36 1 25 
24 33 14 11 36 1 27 41 4 20 8 30 
11 20 35 27 14 8 5 42 30 24 46 39 
15 18 43 29 38 12 1 24 21 35 46 5 
20 30 16 44 23 36 40 33 10 48 27 13 
44 23 39 8 1 28 11 33 4 17 14 47 
5 9 47 18 37 1 43 29 26 14 23 40 
10 47 7 44 22 26 41 13 35 2 29 38 
47 30 22 18 26 10 39 34 14 3 6 44 
35 25 16 1 38 46 7 13 41 10 28 22 
22 25 48 13 9 37 1 31 40 34 43 28 
30 33 48 9 6 23 12 2 36 20 39 27 
10 1 19 48 35 38 32 13 45 28 25 6 
21 28 43 37 18 14 8 5 2 11 47 32 
25 40 16 9 5 28 1 45 21 31 48 36 
4 1 44 27 48 34 31 11 16 41 8 37 
17 13 25 37 22 1 4 41 47 29 33 10 
48 28 36 1 45 23 39 16 10 4 7 19 
43 32 16 4 11 46 19 23 7 35 28 39 
19 7 26 4 10 23 29 42 37 34 16 47 
7 21 27 12 42 3 33 24 36 30 47 18 
34 1 5 47 18 21 24 27 14 43 30 10 
27 5 30 20 41 24 17 8 45 38 34 1 
42 26 6 48 23 20 11 17 14 39 33 45 
2 18 15 27 44 47 36 41 30 33 9 24 
26 23 16 47 37 42 32 29 4 9 12 20 
27 11 30 4 20 8 1 44 14 23 35 40 
5 23 27 41 2 30 8 11 15 20 38 35 
23 8 15 12 38 30 47 43 2 5 27 35 
4 23 43 16 47 26 31 13 35 20 38 9 
16 37 2 41 28 19 12 22 8 48 25 31 
30 35 19 6 47 3 16 26 13 44 23 9 
11 32 16 24 29 35 45 5 41 38 8 20 
9 48 16 38 41 13 35 20 25 30 44 1 
48 4 7 14 27 39 1 21 36 45 10 30 
35 19 7 11 48 15 22 31 41 1 45 25 
17 14 38 20 4 7 10 48 25 35 42 28 
6 37 44 1 16 32 10 20 28 41 47 24 
1 10 37 14 41 26 20 23 48 30 34 4 
37 41 31 19 34 1 4 26 44 23 12 7 
12 2 37 26 5 48 16 30 8 43 40 34 
28 13 19 36 1 22 44 48 8 41 31 4 
24 30 48 21 42 45 39 3 8 34 11 15 
26 12 45 17 32 23 2 41 29 6 35 9 
41 26 19 13 22 34 9 30 16 4 38 1 
11 25 15 33 39 29 45 21 1 7 4 42 
5 18 9 1 48 38 27 41 21 32 24 12 
6 25 37 28 12 9 31 18 21 2 46 43 
5 41 47 16 19 34 22 9 13 38 26 29 
12 37 29 6 1 34 43 15 22 9 40 26 
30 17 2 33 14 7 10 26 45 48 40 22 
11 1 18 44 34 48 14 8 31 27 5 22 
32 23 43 12 40 35 16 26 48 29 20 9 
26 13 1 33 20 7 10 23 41 30 4 46 
12 37 2 48 18 44 23 7 28 31 15 40 
46 26 9 43 1 32 12 23 16 29 6 20 
36 47 29 1 4 39 13 9 18 43 26 33 
2 41 37 48 15 28 24 34 12 44 31 8 
43 33 39 15 36 12 18 46 23 7 4 28 
8 4 35 1 14 27 11 21 44 38 48 30 
1 36 23 6 9 46 31 26 41 16 13 19 
48 18 31 14 25 34 22 28 6 41 45 9 
2 41 7 19 29 10 16 37 48 45 22 32 
16 4 23 28 1 7 36 33 42 46 13 39 
46 28 43 10 40 22 7 37 25 19 2 33 
17 44 37 32 41 11 1 4 8 28 47 25 
8 36 1 27 39 31 19 42 45 48 4 22 
6 1 35 41 25 28 18 45 14 10 32 48 
22 27 39 13 32 19 2 36 5 42 45 8 
43 35 10 25 38 1 17 14 31 6 47 28 
22 1 42 4 36 39 10 15 7 25 19 31 
22 15 28 34 25 1 44 48 10 38 7 19 
44 17 48 27 20 23 1 6 41 10 14 30 
36 48 40 17 26 1 33 23 6 13 45 9 
45 42 24 34 30 7 4 13 10 1 27 39 
39 2 30 13 17 9 24 20 42 5 35 27 
1 30 47 21 5 24 8 17 34 27 40 11 
36 8 32 48 1 42 25 12 22 4 15 29 
12 19 15 23 1 48 37 45 42 8 31 27 
2 21 11 7 45 17 34 14 30 24 38 48 
16 22 43 30 25 19 1 40 37 8 33 4 
13 21 6 28 10 41 24 47 17 1 38 44 
45 36 7 30 10 42 3 33 19 14 23 39 
7 23 29 4 34 1 37 48 41 15 12 20 
42 25 11 1 33 14 4 37 7 21 48 30 
14 44 22 32 47 25 35 6 38 18 3 41 
46 8 43 40 34 31 28 15 12 5 25 18 
3 48 6 11 17 20 35 27 14 30 24 44 
17 1 41 4 48 29 21 7 36 24 44 12 
47 40 44 36 33 20 12 7 23 26 1 15 
37 19 12 15 9 29 25 6 3 22 46 40 
30 4 40 24 48 9 44 33 36 19 12 27 
31 16 48 13 4 7 20 28 45 42 39 34 
25 28 38 32 14 9 35 45 4 48 17 20 
5 18 43 48 29 38 32 24 35 2 14 10 
11 1 19 40 4 24 43 34 28 37 14 8 
37 48 12 23 15 34 5 18 27 42 30 1 
6 17 3 24 44 20 47 35 14 30 27 10 
5 38 35 27 30 12 41 2 47 15 22 18 
22 25 12 39 29 2 9 15 19 42 33 48 
28 6 37 11 21 25 48 34 41 16 1 31 
25 33 11 8 14 44 5 29 19 1 48 37 
24 30 3 15 19 6 47 37 12 27 44 9 
2 40 46 14 11 22 43 35 5 30 19 8 
42 34 38 14 31 28 45 48 11 25 5 20 
47 18 31 27 43 34 3 21 12 37 6 24 
6 25 3 12 32 39 19 45 42 15 35 29 
12 8 32 46 36 19 29 39 15 26 5 22 
11 43 26 14 29 32 2 17 5 35 48 21 
29 25 38 48 12 20 4 32 1 42 17 8 
45 39 29 26 22 42 8 14 3 11 48 32 
44 39 6 36 9 29 1 48 12 24 16 33 
48 36 10 31 42 39 7 14 45 25 21 3 
5 17 1 10 47 23 31 40 27 13 20 37 
27 43 20 1 4 14 48 17 33 8 11 23 
43 12 19 40 33 15 8 47 1 26 29 5 
39 35 16 32 8 1 28 21 5 48 24 43 
5 34 22 45 41 25 19 31 37 12 8 16 
19 42 32 35 48 9 1 29 23 39 26 16 
36 24 18 8 21 13 44 3 39 29 32 48 
35 10 23 2 46 5 18 38 41 13 28 32 
36 17 24 8 12 47 28 42 5 32 20 2 
22 42 45 39 10 13 4 32 17 48 7 28 
25 12 22 29 2 46 36 5 17 39 43 32 
13 40 36 28 16 32 25 19 10 22 2 5 
6 29 22 1 9 35 42 45 39 32 48 12 
10 47 21 7 18 37 13 34 29 41 26 2 
11 18 33 2 22 39 43 36 5 46 8 27 
7 1 15 48 28 45 10 42 36 24 4 39 
41 12 29 16 35 19 6 46 38 32 24 1 
27 40 18 24 12 37 15 32 43 1 6 48 
9 41 23 13 1 34 26 20 5 17 47 31 
12 35 39 15 48 32 28 42 2 9 6 25 
25 7 18 32 42 11 3 35 21 39 14 45 
48 23 6 45 1 31 12 35 20 27 15 39 
39 48 42 5 13 25 22 45 9 19 1 34 
44 34 37 48 24 27 4 8 1 31 40 11 
40 20 26 43 47 37 16 1 10 6 34 31 
38 12 23 6 3 27 45 19 48 31 15 35 
11 17 43 28 32 14 46 37 24 7 4 1 
11 26 45 14 17 48 23 3 39 6 32 20 
14 37 29 25 33 4 18 8 11 1 46 43 
34 8 2 45 16 38 31 24 48 42 12 5 
33 22 37 44 5 29 8 18 47 26 11 14 
16 46 22 37 43 28 13 1 4 7 40 19 
44 13 33 48 36 29 26 40 16 21 2 7 
2 5 38 9 43 19 12 47 15 25 35 22 
28 1 36 8 14 11 31 42 25 45 39 19 
8 1 5 40 20 14 11 34 37 17 43 28 
25 22 41 4 37 18 28 15 45 1 7 31 
19 15 47 8 41 38 1 4 33 22 11 25 
47 37 21 24 15 10 4 7 44 32 41 28 
16 47 12 25 9 35 29 6 38 32 43 19 
25 18 9 22 31 38 41 28 3 46 34 15 
16 28 23 38 6 46 2 10 41 31 35 13 
34 39 4 24 13 27 46 16 8 31 19 1 
15 23 37 12 19 4 27 46 1 9 41 33 
18 42 12 24 27 21 6 47 36 30 33 39 
26 38 10 2 16 6 32 19 13 45 22 41 
37 7 14 48 30 34 24 41 11 3 19 45 
2 13 42 5 31 48 22 28 25 9 37 45 
24 30 2 21 13 27 33 8 48 5 36 44 
22 31 8 28 41 16 4 48 45 12 19 34 
45 48 4 29 41 7 11 14 23 34 37 20 
21 48 34 10 4 37 25 44 1 41 18 7 
19 1 27 4 13 45 16 38 33 48 41 9 
23 33 40 9 36 18 3 13 27 30 45 48 
42 32 39 20 47 26 17 9 14 29 3 6 
6 44 20 34 17 12 28 31 3 38 24 47 
4 14 9 1 46 32 38 35 41 20 27 24 
47 4 1 33 7 38 43 20 23 26 14 29 
16 19 13 39 44 10 34 4 25 30 47 7 
44 17 32 1 13 5 26 38 29 20 35 9 
31 9 27 4 1 17 34 44 47 13 41 23 
30 4 23 41 27 38 8 11 1 48 45 17 
16 30 47 27 34 4 8 39 43 22 1 11 
17 11 4 44 47 35 41 24 29 14 38 20 
4 34 44 19 11 41 1 37 30 16 27 7 
47 26 9 30 15 43 2 23 12 33 6 40 
37 48 15 42 21 12 25 18 34 4 45 9 
30 33 36 48 1 39 10 19 7 23 45 14 
26 39 32 13 10 46 1 43 22 35 16 5 
11 14 36 17 48 25 4 29 43 40 32 21 
15 11 27 5 30 48 44 22 41 37 33 8 
24 27 12 16 44 8 38 35 20 48 41 32 
23 17 26 35 1 20 4 10 42 14 7 39 
9 5 27 1 21 24 31 16 47 41 34 13 
1 48 25 8 28 36 31 4 20 44 39 16 
35 26 11 15 5 8 21 44 1 18 48 40 
33 5 48 30 1 41 18 44 25 37 15 11 
23 4 48 39 42 45 27 13 30 36 17 1 
16 10 7 19 2 37 24 27 44 41 13 34 
21 28 39 44 33 18 6 48 36 25 13 1 
42 30 8 46 4 35 39 11 15 26 1 20 
48 2 15 7 40 35 44 32 25 28 22 12 
16 36 6 9 41 22 3 25 29 33 47 44 
8 11 18 1 25 29 14 21 45 35 4 41 
36 14 20 48 25 32 7 11 39 3 28 17 
14 47 33 19 27 37 7 11 30 4 41 22 
12 2 41 6 19 33 30 47 26 9 36 23 
2 36 7 24 27 42 30 14 45 33 11 21 
11 30 26 14 22 7 48 44 35 38 19 2 
36 22 16 48 10 1 6 45 42 28 31 25 
22 37 15 40 3 12 29 43 26 18 32 7 
29 22 10 7 48 26 41 44 32 13 38 2 
20 30 47 5 37 9 1 43 16 33 26 13 
13 47 30 40 43 33 36 23 17 4 26 10 
44 14 1 47 35 38 32 11 7 17 21 41 
1 22 25 42 48 28 13 10 18 32 4 37 
30 3 47 27 24 40 16 7 19 10 36 43 
31 12 20 15 7 2 23 40 26 44 35 47 
37 13 16 43 30 27 33 24 47 40 21 6 
40 18 21 47 44 7 1 25 28 31 15 36 
44 40 18 4 28 14 1 47 7 25 11 32 
35 31 20 47 43 7 26 1 4 15 11 38 
44 3 26 33 22 37 6 47 30 11 19 40 
8 27 21 45 13 38 33 42 16 4 1 30 
17 9 33 2 28 37 43 23 20 6 47 12 
19 25 16 11 2 28 8 31 22 48 36 44 
34 46 27 13 7 42 4 1 17 39 20 31 
24 36 28 16 48 8 19 39 32 11 42 1 
20 24 16 28 44 4 33 47 36 12 40 8 
44 11 7 48 41 4 33 23 30 1 26 15 
11 28 44 7 18 4 40 31 21 47 25 34 
31 1 24 46 17 36 27 5 20 43 9 13 
13 37 29 32 45 23 16 3 9 41 26 19 
38 3 23 34 45 26 11 16 19 41 7 29 
38 21 48 10 13 7 33 18 24 1 41 30 
19 26 7 32 4 35 39 22 1 14 11 43 
48 23 9 35 20 16 28 32 12 6 38 2 
48 1 35 31 41 12 9 38 4 20 45 28 
25 1 30 33 13 48 22 41 17 44 6 38 
16 47 37 12 1 6 9 25 41 22 34 28 
38 35 41 21 44 18 6 14 47 25 30 2 
46 36 14 19 25 28 43 1 7 33 22 10 
10 24 20 48 31 7 4 38 15 42 1 27 
42 21 7 38 2 13 46 10 17 33 28 25 
9 28 5 20 32 36 44 41 13 25 2 47 
38 48 41 15 18 28 8 44 31 25 1 4 
8 21 1 32 35 4 40 25 14 11 46 29 
40 20 8 37 31 1 4 15 34 24 44 27 
33 36 11 4 15 7 25 42 46 39 28 22 
25 48 42 36 5 8 32 11 45 21 39 28 
25 1 42 35 48 11 39 7 18 15 21 31 
6 3 38 22 10 14 34 44 25 48 41 28 
36 17 1 44 14 47 28 20 31 41 5 23 
36 17 40 21 25 46 29 6 2 12 32 9 
45 21 8 5 29 42 15 12 1 48 34 24 
44 22 12 25 2 28 9 19 16 47 6 31 
8 1 28 4 45 35 12 18 25 48 42 21 
11 24 40 1 27 37 34 21 5 15 47 31 
13 10 23 1 16 28 36 32 48 6 40 44 
5 38 11 27 45 23 1 8 48 19 14 35 
19 26 38 23 41 16 13 7 44 33 3 48 
10 48 26 29 38 1 14 23 7 32 45 19 
2 40 9 17 32 37 47 21 13 29 6 26 
33 37 12 48 43 9 3 18 22 40 25 15 
40 27 4 20 34 14 37 23 11 31 1 7 
44 47 17 21 34 5 8 1 12 26 37 29 
5 28 47 11 36 2 17 44 20 23 14 39 
4 30 33 24 11 7 44 47 17 14 1 41 
24 40 32 44 47 28 11 18 15 7 36 2 
15 45 39 2 20 11 24 48 28 42 32 5 
36 40 20 4 7 33 44 48 14 30 24 27 
47 44 2 37 34 24 31 28 5 9 12 20 
24 17 7 21 33 44 29 1 4 40 12 48 
24 1 39 15 8 30 4 27 36 42 21 47 
36 19 9 2 29 32 44 15 6 47 23 40 
11 46 17 14 24 32 7 28 21 38 42 1 
25 8 45 19 4 37 16 33 41 1 29 48 
37 33 7 10 19 26 30 4 46 22 41 14 
33 12 44 17 48 6 25 20 9 41 3 30 
16 25 32 44 1 37 29 10 20 47 5 40 
37 4 31 40 22 28 16 19 48 12 7 45 
24 7 48 1 4 27 21 40 36 32 11 16 
43 24 47 14 7 28 1 20 35 17 40 31 
13 21 33 30 41 1 25 18 44 47 5 8 
5 21 44 38 47 18 35 8 11 14 30 41 
35 47 23 29 32 40 20 26 43 2 13 17 
44 6 37 10 18 47 27 34 41 30 22 1 
8 15 32 5 26 42 18 29 12 23 48 39 
43 17 48 24 35 9 39 29 6 12 3 32 
4 7 44 14 21 41 10 33 25 36 48 1 
37 34 2 16 25 40 28 43 7 20 48 11 
45 41 1 30 34 17 10 27 4 48 7 14 
27 30 20 42 24 39 15 46 2 34 12 5 
39 48 1 30 5 45 36 26 33 12 42 23 
30 3 27 20 37 17 6 34 40 10 48 45 
45 42 12 38 15 19 9 34 1 27 30 4 
11 1 24 32 5 17 27 44 48 8 41 35 
25 11 4 19 1 42 29 45 48 8 14 34 
47 39 21 24 18 44 6 35 2 28 10 13 
8 31 1 28 34 41 48 5 25 45 11 19 
12 28 5 25 38 22 15 46 35 18 31 42 
34 41 48 9 3 23 27 16 37 12 20 31 
4 48 26 35 31 11 17 41 7 1 23 20 
12 36 40 21 24 15 43 47 9 32 28 5 
43 11 2 20 29 47 15 23 35 38 32 6 
41 22 34 8 14 30 48 1 45 4 25 19 
23 9 14 46 1 37 33 20 29 6 43 40 
41 44 19 9 22 30 1 34 13 38 16 26 
17 2 48 13 35 45 28 32 5 38 9 24 
8 43 1 15 11 46 23 40 34 4 31 18 
14 32 23 2 29 42 48 7 36 39 45 20 
20 47 14 40 29 17 32 44 35 4 24 7 
3 42 25 11 31 35 17 20 38 48 14 28 
21 38 14 45 8 48 27 41 32 2 35 17 
31 3 22 16 28 40 19 8 46 36 43 13 
27 19 46 1 14 8 43 37 11 40 5 23 
19 27 12 15 40 2 9 6 32 24 44 48 
21 44 2 17 40 36 27 48 13 30 9 5 
36 39 7 17 44 14 48 28 4 1 23 32 
19 40 1 11 24 48 15 30 27 35 6 44 
26 17 1 14 11 8 48 5 36 32 22 45 
38 35 28 12 45 25 22 16 6 41 48 2 
9 30 2 47 27 23 14 20 17 43 39 33 
31 11 39 14 45 36 24 48 5 21 28 1 
29 15 7 47 36 32 44 3 10 39 23 20 
17 33 14 23 37 10 20 43 2 26 6 48 
31 28 38 48 4 1 18 13 34 21 44 8 
28 33 11 7 14 22 25 19 39 3 36 43 
48 9 16 1 27 31 22 34 44 38 13 19 
34 15 1 43 48 38 26 30 9 19 5 23 
5 9 21 29 48 17 13 36 33 25 45 42 
1 48 4 42 23 30 9 45 12 19 36 27 
8 33 11 44 1 15 40 22 18 27 4 47 
44 7 4 10 22 19 29 32 1 26 16 47 
1 48 38 13 20 32 7 35 45 10 28 24 
34 15 31 22 27 19 1 48 8 38 44 4 
26 19 6 13 29 1 16 46 39 22 10 35 
48 23 12 20 6 37 17 34 28 9 3 45 
8 15 12 34 48 37 18 5 28 44 41 31 
3 34 39 48 20 14 42 25 6 11 31 45 
26 39 9 48 1 23 12 20 34 42 45 15 
6 35 18 45 24 42 15 21 11 39 1 27 
42 28 32 48 38 12 9 22 45 4 18 25 
16 30 44 24 21 10 48 41 27 1 35 4 
40 13 18 21 8 37 44 27 4 24 32 1 
33 20 27 16 42 30 2 12 8 39 46 23 
41 30 1 34 21 38 13 44 10 47 25 4 
32 20 29 12 25 5 9 17 1 42 46 38 
32 48 11 2 36 42 18 22 45 29 39 8 
21 24 44 32 3 38 7 29 18 41 11 14 
31 28 22 47 5 42 2 13 8 25 19 35 
30 37 40 6 13 23 34 48 43 16 9 19 
4 22 25 40 48 1 36 12 7 15 44 33 
14 17 4 47 30 41 21 33 1 38 8 24 
41 7 48 38 27 4 16 11 22 1 30 45 
7 4 48 30 33 43 1 25 21 13 16 40 
23 48 14 4 31 41 45 26 34 7 18 37 
21 8 30 41 18 35 44 38 47 26 12 3 
25 43 34 40 5 48 22 19 31 37 11 1 
4 22 25 31 15 1 48 34 40 37 28 12 
20 28 14 43 11 36 40 32 7 24 3 46 
31 38 23 2 20 47 34 41 26 17 44 8 
35 18 5 12 38 27 24 30 2 15 44 8 
11 36 39 28 7 19 24 3 47 33 16 44 
30 46 37 23 12 3 17 20 34 9 42 26 
33 14 37 4 17 46 7 26 1 11 20 23 
37 29 15 19 2 22 41 48 44 25 34 11 
31 26 37 1 48 23 45 15 40 4 7 18 
44 32 35 48 26 41 29 12 5 22 9 17 
22 40 14 43 27 34 1 18 37 48 6 9 
19 28 43 25 22 48 35 15 7 4 31 40 
38 35 1 16 25 42 46 28 13 32 22 9 
26 8 36 44 39 5 2 18 29 15 47 32 
41 26 2 38 29 48 9 32 12 17 21 6 
36 32 40 44 1 23 20 9 15 26 29 48 
47 23 20 30 41 44 2 8 34 5 11 38 
18 43 24 21 11 46 8 40 36 14 32 27 
8 42 1 19 32 26 5 36 46 23 39 29 
25 4 16 35 43 48 1 7 31 40 28 13 
20 48 6 44 26 9 37 30 16 23 13 34 
7 11 31 41 18 45 38 4 34 15 24 28 
6 22 46 41 3 28 25 18 35 32 9 12 
10 43 2 40 16 26 31 37 19 13 46 6 
45 48 21 17 8 42 5 2 14 30 24 27 
21 17 31 48 38 45 14 2 28 42 6 35 
13 41 25 16 22 1 36 5 10 45 31 48 
38 30 44 34 12 2 9 21 16 24 47 27 
21 6 41 2 33 9 12 30 36 48 15 24 
6 15 19 41 45 9 22 35 27 48 2 30 
17 37 8 47 11 41 27 4 24 30 34 21 
33 42 13 27 24 30 37 46 8 5 2 19 
33 40 36 29 43 9 4 18 22 1 47 13 
45 7 1 21 24 4 41 48 10 14 38 27 
42 38 27 30 24 20 13 34 4 47 16 1 
48 2 45 32 5 36 11 26 29 20 17 23 
47 28 9 37 40 13 6 43 20 23 17 1 
39 22 45 26 14 31 19 42 48 36 8 5 
25 19 33 5 22 12 1 9 36 29 39 16 
35 26 41 31 13 48 1 7 10 16 38 20 
46 20 16 30 1 23 34 38 12 41 27 9 
48 39 2 36 15 29 32 6 9 12 42 20 
36 40 44 25 21 28 4 47 10 13 31 17 
1 26 7 4 48 21 15 29 10 18 44 35 
42 36 32 4 27 12 39 23 1 15 20 8 
33 12 1 26 8 15 37 21 18 48 29 42 
30 39 42 18 1 11 14 24 34 5 48 27 
43 17 24 2 20 31 38 27 34 47 14 5 
42 29 16 45 11 48 22 7 19 26 38 2 
43 12 26 37 15 5 9 34 46 31 22 2 
12 46 5 2 23 19 9 32 38 15 27 42 
47 9 35 41 13 6 29 38 22 32 1 44 
14 28 6 10 22 45 3 32 17 37 40 25 
3 7 43 29 14 26 23 10 46 36 20 32 
40 48 20 45 25 1 16 13 31 34 8 28 
45 30 20 5 27 48 23 38 10 14 35 17 
32 42 38 29 48 2 7 12 21 15 24 35 
9 3 16 24 27 6 37 34 21 13 40 46 
38 48 25 15 1 28 42 4 18 34 9 12 
46 5 9 17 37 41 34 20 24 1 29 13 
44 16 24 37 4 12 8 40 48 1 20 27 
40 9 44 24 1 27 34 13 21 6 30 18 
17 28 23 5 20 40 31 11 34 37 44 8 
8 40 1 30 48 44 18 22 34 27 12 37 
48 34 26 37 6 9 29 40 17 20 13 23 
15 19 5 32 2 45 42 35 29 23 8 48 
5 39 36 19 8 12 22 25 45 16 2 42 
5 38 28 34 9 31 1 21 18 15 41 45 
27 40 47 2 43 20 7 17 23 10 36 33 
33 17 14 21 1 48 41 45 5 28 38 24 
41 25 18 36 8 12 31 3 44 22 28 47 
16 19 34 22 30 11 48 1 45 25 38 8 
28 5 8 38 18 32 35 44 11 22 47 15 
45 7 29 22 4 33 26 48 17 11 38 42 
14 2 23 32 36 29 47 26 40 44 6 10 
10 16 13 41 6 48 31 3 27 24 21 44 
29 11 20 38 1 26 7 32 45 48 14 17 
16 41 6 45 13 38 25 2 22 33 29 48 
21 10 25 39 17 42 1 48 45 29 32 6 
24 35 13 28 41 4 17 32 21 44 1 7 
18 28 37 48 1 14 44 5 25 31 21 34 
31 7 27 40 18 22 4 44 1 14 48 34 
37 47 33 16 24 2 21 6 43 29 40 13 
25 40 10 29 47 21 1 14 5 33 36 17 
20 47 44 28 17 40 1 11 37 8 34 5 
12 1 22 41 19 7 33 15 26 30 45 48 
2 48 20 6 9 29 37 42 13 23 17 26 
8 1 30 48 11 40 34 18 44 15 37 4 
9 16 41 27 47 23 38 20 35 6 13 1 
42 19 2 25 36 29 16 39 48 7 45 33 
43 3 26 10 30 6 39 48 22 15 33 19 
5 11 21 17 25 34 14 46 40 37 43 31 
33 16 29 5 19 13 40 47 10 22 43 25 
13 19 32 29 36 47 23 40 2 10 16 6 
33 23 5 45 26 13 37 48 41 9 17 2 
27 46 43 24 20 11 7 1 32 17 35 38 
11 17 5 27 38 24 44 20 8 32 41 47 
14 25 44 20 38 5 48 1 41 8 17 34 
27 20 16 5 31 23 2 42 38 13 45 34 
23 6 3 34 40 29 26 37 12 18 15 43 
13 16 39 47 20 33 42 30 7 24 10 3 
27 40 23 14 20 37 1 43 46 9 5 30 
3 41 21 18 48 8 24 31 45 38 28 12 
38 1 19 23 44 30 12 27 41 5 9 34 
40 23 30 43 8 18 48 1 13 37 27 33 
14 1 45 34 5 18 28 38 22 10 31 25 
22 28 31 6 44 35 3 19 25 13 40 16 
1 48 37 21 29 12 5 33 45 26 9 42 
4 10 34 30 37 1 45 48 42 14 17 25 
23 45 15 48 31 5 19 1 8 28 34 40 
5 12 37 40 20 2 25 9 29 16 48 45 
8 46 18 38 11 27 31 41 21 3 34 14 
17 7 28 40 1 20 34 10 48 24 4 43 
19 35 48 4 28 22 41 44 11 15 1 8 
39 20 2 35 13 45 24 32 27 9 42 17 
6 18 48 24 3 14 37 41 29 34 11 45 
8 35 48 4 42 38 16 1 32 11 23 19 
36 29 10 2 14 18 48 42 22 25 6 39 
11 14 23 47 4 43 30 40 7 34 1 26 
15 47 4 42 1 39 25 22 9 12 34 30 
35 1 32 39 6 43 23 26 19 11 48 16 
33 26 37 48 10 19 40 7 4 43 15 30 
35 3 32 9 43 40 24 46 20 28 17 12 
18 7 23 30 10 1 36 39 27 14 4 33 
38 20 7 48 4 16 28 10 32 23 43 35 
47 13 7 10 21 36 16 44 4 29 39 1 
27 42 2 5 16 9 48 36 12 31 20 39 
39 23 34 1 17 31 8 27 14 11 20 4 
4 35 17 48 40 20 45 8 1 24 30 27 
20 9 33 6 47 3 29 44 37 26 40 17 
16 3 21 37 45 34 48 11 7 40 25 31 
9 32 46 19 12 23 29 40 26 35 16 3 
12 19 46 4 16 1 27 42 34 31 37 8 
39 48 22 29 25 14 18 10 32 6 45 3 
6 36 47 12 23 1 30 33 27 44 41 17 
16 19 13 37 47 34 10 22 29 40 3 25 
40 33 11 6 20 48 25 36 17 28 43 1 
15 36 19 7 10 43 48 24 33 27 30 40 
26 18 23 5 48 14 42 29 33 45 37 10 
44 17 48 41 35 24 21 5 30 9 12 27 
32 7 23 29 17 4 10 39 13 46 35 20 
11 39 48 30 45 15 2 19 27 22 42 33 
35 15 25 11 29 22 2 39 18 5 32 42 
25 19 30 36 22 39 5 13 9 48 1 16 
25 37 20 45 28 34 41 48 4 8 17 11 
27 5 11 8 24 15 48 30 40 45 2 37 
15 11 8 34 26 5 44 39 2 21 30 18 
38 22 9 16 12 2 35 31 6 27 46 42 
31 28 14 2 11 45 18 38 5 8 41 25 
8 22 19 1 31 25 40 47 44 14 37 28 
39 11 21 1 33 36 30 7 46 17 14 24 
43 46 12 9 2 30 36 22 18 15 5 40 
5 28 45 31 15 25 48 2 38 42 8 11 
48 42 6 27 21 36 31 13 45 24 16 1 
39 19 15 27 11 48 23 44 7 31 34 4 
14 40 1 31 17 11 21 25 7 4 37 48 
39 27 2 20 6 47 17 9 24 30 13 44 
45 29 11 4 14 17 38 8 48 42 20 23 
34 5 18 45 15 39 11 48 42 29 26 21 
15 29 35 18 12 47 23 1 26 32 41 7 
41 10 35 5 44 38 14 2 21 26 48 17 
30 44 47 41 37 14 11 17 21 1 6 27 
45 17 31 48 4 20 26 11 8 34 38 42 
9 13 6 18 3 27 44 38 30 21 48 34 
1 19 44 47 14 39 32 9 6 29 24 36 
35 12 15 1 40 31 43 9 46 27 20 5 
28 8 35 12 44 48 17 5 20 39 23 2 
15 40 1 8 48 18 45 32 4 36 24 28 
9 40 21 25 6 48 12 28 43 33 2 18 
9 48 31 22 18 36 6 2 15 27 39 45 
39 45 31 23 42 36 1 14 4 19 27 11 
5 44 19 1 30 24 8 40 47 27 15 36 
39 19 43 28 22 48 5 11 14 25 34 1 
24 6 9 43 12 39 47 15 35 21 1 27 
5 45 27 9 35 38 42 1 31 24 48 16 
2 47 15 44 31 40 9 21 36 12 18 26 
23 35 3 20 43 27 7 40 17 48 13 32 
42 39 29 1 11 8 17 4 26 35 23 14 
37 23 17 10 5 13 34 41 44 27 47 1 
15 45 27 31 39 36 3 24 42 19 48 6 
4 1 48 45 19 28 23 42 39 9 13 32 
11 38 22 43 31 17 47 1 14 26 7 35 
2 14 38 17 11 48 8 22 29 44 32 25 
23 9 47 35 41 18 1 14 29 4 44 32 
7 40 4 26 18 37 31 48 34 1 21 13 
21 34 41 28 11 17 37 31 4 8 25 1 
47 7 3 41 36 19 14 10 23 30 33 44 
19 38 43 47 33 8 25 28 5 2 22 13 
7 4 20 28 31 48 24 1 15 43 40 36 
28 42 23 1 45 32 12 17 9 6 48 35 
40 18 37 12 22 28 15 33 5 45 2 8 
35 6 29 14 47 21 26 11 42 38 18 32 
34 24 21 27 37 7 47 40 30 14 17 11 
1 33 42 8 30 45 4 22 48 12 27 15 
45 20 4 27 48 23 9 37 1 14 17 32 
48 42 14 45 11 7 39 17 31 3 25 35 
36 17 45 27 13 1 39 31 6 9 22 42 
9 44 30 3 13 19 16 23 35 38 6 47 
45 48 42 21 27 6 31 17 9 39 2 35 
28 41 24 11 44 19 4 35 1 14 31 38 
42 19 37 5 12 27 8 34 16 23 45 48 
29 23 44 19 7 4 32 35 14 11 41 48 
47 44 19 41 1 5 34 37 30 24 11 27 
11 18 41 33 47 36 22 25 14 29 6 1 
22 6 34 11 19 43 39 1 47 30 14 27 
34 9 2 25 39 17 45 14 31 28 5 42 
34 31 19 41 16 2 8 47 11 37 27 23 
9 31 47 15 12 34 43 5 28 18 21 37 
35 10 19 24 7 14 31 2 44 28 48 40 
31 9 34 37 6 21 40 27 24 18 1 45 
19 1 32 4 38 35 28 14 11 43 8 48 
5 37 45 2 27 13 17 30 8 33 20 23 
8 19 37 40 48 28 31 11 15 34 4 44 
23 47 38 20 11 1 42 34 8 4 29 26 
23 2 44 39 32 35 6 18 9 28 14 48 
48 18 44 24 21 36 11 28 4 14 31 39 
25 39 29 38 23 21 19 8 24 11 25 10 
33 30 33 24 2 4 2 46 10 20 15 9 
18 41 3 21 45 40 8 13 20 16 28 18 
44 2 12 4 30 19 47 17 11 45 32 17 
14 4 16 4 35 11 35 17 18 10 28 42 
41 19 45 7 12 15 20 37 35 19 24 11 
6 33 38 33 5 3 17 22 20 45 3 39 
25 10 10 19 16 32 34 20 4 6 5 25 
33 3 22 46 22 23 46 46 15 34 24 29 
17 28 42 6 15 16 21 44 36 48 47 32 
30 19 14 33 43 12 25 37 9 3 43 37 
42 33 25 30 4 29 30 28 26 46 48 36 
21 42 1 10 29 36 22 18 35 5 20 1 
18 4 6 8 26 3 6 2 9 18 5 35 
45 1 33 36 10 11 23 40 21 42 48 27 
30 10 37 6 21 4 45 7 8 3 20 13 
42 3 39 29 33 33 40 12 16 8 14 30 
10 36 27 41 45 26 5 19 25 8 23 48 
12 30 21 46 6 36 4 7 39 40 2 36 
46 27 24 28 4 36 12 32 28 20 28 11 
40 19 38 29 3 13 34 9 17 41 5 16 
20 38 30 22 39 40 33 43 13 11 35 26 
39 29 35 8 25 16 17 33 37 24 35 10 
40 3 21 46 3 10 17 10 22 47 30 1 
5 48 21 1 25 39 12 18 11 43 23 33 
32 34 3 24 13 45 7 18 46 29 31 1 
6 21 14 24 42 4 9 19 42 16 41 26 
37 39 46 5 28 35 46 14 35 37 22 11 
38 38 7 37 42 16 30 28 46 26 7 22 
43 43 41 23 1 4 16 37 40 39 5 28 
39 23 39 11 2 6 40 30 8 26 4 18 
12 31 15 29 44 41 12 40 28 3 44 21 
26 37 45 2 22 21 38 28 37 24 12 48 
26 39 3 21 18 38 6 28 32 9 14 1 
31 42 31 24 38 42 15 27 11 36 27 46 
41 9 47 25 47 1 14 7 46 5 23 24 
35 24 24 12 43 32 2 8 4 9 35 41 
43 37 45 42 16 10 41 45 25 29 42 46 
42 31 20 14 33 16 6 7 43 43 11 32 
17 11 36 30 10 11 42 46 14 45 35 10 
34 4 8 28 38 6 10 47 29 38 39 7 
7 45 23 32 40 9 36 42 15 22 23 12 
45 25 22 5 19 20 26 9 24 10 35 32 
14 37 13 26 37 12 18 33 45 33 4 14 
29 12 4 24 30 21 7 21 14 35 18 32 
27 19 35 39 32 3 44 22 9 13 8 45 
29 18 40 28 38 38 25 48 19 37 45 45 
39 35 9 7 32 43 23 37 45 2 38 35 
34 38 43 43 13 20 3 2 33 20 31 7 
31 37 32 7 47 48 2 20 23 11 27 8 
36 18 12 17 47 31 33 46 34 6 28 34 
15 1 48 30 7 3 19 36 36 25 3 20 
8 5 20 39 3 32 30 19 7 36 20 32 
28 30 35 15 19 25 30 10 18 8 5 40 
42 45 36 32 1 23 47 29 8 35 43 1 
4 18 1 46 12 3 48 6 6 21 44 8 
18 32 5 44 43 35 21 6 5 32 5 6 
4 28 10 29 41 17 40 23 48 33 35 20 
25 35 48 38 38 11 15 47 43 8 41 33 
28 16 33 4 38 22 26 7 29 8 25 13 
30 20 36 45 43 37 4 4 44 47 14 2 
34 21 25 23 14 26 39 36 41 12 40 37 
1 42 36 30 19 48 2 38 32 39 22 39 
37 36 44 18 13 13 22 3 25 7 11 10 
38 26 12 38 40 31 12 24 22 20 48 5 
44 37 28 18 45 1 30 7 2 9 22 7 
7 12 42 3 2 3 47 22 21 44 1 22 
26 19 22 28 40 40 32 44 46 35 42 39 
38 1 44 37 19 25 12 43 29 37 20 1 
45 23 39 44 36 30 47 48 29 48 33 38 
46 46 20 37 45 34 37 48 42 17 21 18 
35 23 19 32 38 40 8 24 10 47 27 26 
33 27 4 33 9 34 24 28 40 9 19 21 
41 44 48 6 30 21 37 9 43 16 28 27 
35 5 7 29 8 40 9 4 48 12 27 22 
30 22 8 45 12 16 4 48 19 34 8 45 
12 2 6 24 11 23 13 12 30 21 40 18 
5 44 20 21 12 41 14 44 12 3 3 18 
3 31 42 6 28 33 42 43 11 44 20 33 
45 32 11 20 31 13 8 44 42 26 33 33 
9 22 25 38 37 4 46 32 39 38 8 28 
13 10 37 19 32 43 33 25 21 41 37 45 
4 41 20 24 25 16 24 6 27 14 4 26 
25 33 12 46 39 1 32 5 43 1 23 44 
38 37 32 5 5 43 40 30 27 4 36 19 
26 16 19 5 22 45 25 30 42 26 47 24 
2 34 38 17 48 36 16 36 13 25 45 27 
40 48 34 25 24 36 40 7 14 6 23 18 
5 28 4 11 35 38 35 43 7 2 14 24 
13 3 34 36 18 31 4 16 14 21 17 34 
47 43 35 1 15 42 17 18 4 7 43 35 
47 37 20 6 25 17 9 34 34 46 16 3 
6 7 33 27 17 46 42 20 21 2 47 9 
44 18 13 29 10 47 25 44 17 26 46 47 
24 11 34 19 40 40 3 4 7 36 41 36 
22 5 40 30 17 46 41 21 4 17 16 29 
17 16 8 4 38 33 19 47 47 41 38 22 
43 1 23 26 45 24 33 41 15 44 40 17 
19 31 46 46 29 16 22 15 6 47 6 26 
38 16 13 12 22 30 39 4 38 2 15 48 
8 24 46 48 42 42 5 24 6 24 9 45 
27 17 6 44 46 21 14 33 42 24 39 37 
28 28 22 7 4 24 32 37 43 42 32 46 
37 29 21 13 21 47 38 29 19 42 13 37 
43 1 38 18 7 26 39 20 7 34 34 38 
38 39 7 4 17 35 4 11 44 24 5 13 
26 21 39 15 20 41 13 37 46 16 10 47 
28 48 18 1 4 47 17 34 21 47 27 33 
1 12 30 43 5 36 43 12 20 13 18 32 
1 45 37 29 19 37 12 7 41 1 38 25 
27 14 41 3 22 33 9 19 35 17 2 23 
44 5 16 36 48 15 37 32 31 19 9 15 
37 27 42 19 48 42 12 19 5 14 35 18 
21 15 6 17 16 2 24 41 16 30 32 6 
19 2 8 45 27 20 33 19 45 31 22 43 
26 18 43 16 38 36 29 2 12 35 30 4 
21 16 23 48 14 25 45 4 6 39 21 23 
41 39 17 35 20 44 28 20 17 12 40 36 
25 7 27 26 8 2 32 12 9 43 21 37 
48 47 15 14 10 27 14 12 37 42 1 21 
18 48 42 29 24 2 31 39 9 17 36 31 
15 33 18 24 4 33 1 12 36 30 11 4 
1 47 46 1 24 17 19 8 14 28 11 3 
8 23 36 23 45 2 48 12 28 37 33 9 
48 26 35 47 48 37 11 31 27 39 11 22 
48 20 35 19 6 13 14 34 29 22 42 38 
39 48 26 8 40 48 25 5 11 31 36 41 
33 18 39 2 44 18 4 41 36 45 29 23 
1 25 30 38 32 33 43 45 25 9 30 7 
14 27 26 42 8 26 24 16 47 23 4 30 
25 20 14 19 23 7 42 27 36 10 20 6 
30 41 41 12 3 17 6 2 43 28 25 9 
27 27 20 48 9 3 27 15 1 47 33 6 
25 21 36 24 48 11 10 12 33 25 23 8 
35 27 34 31 41 44 13 38 29 5 27 45 
19 35 22 44 46 5 37 28 36 26 23 18 
18 5 30 2 31 1 39 41 3 48 43 41 
2 48 17 35 48 43 47 3 13 30 44 24 
29 38 13 20 16 47 24 26 2 46 47 28 
32 25 41 26 14 20 48 38 9 48 14 17 
2 14 5 24 23 27 25 46 38 28 37 16 
23 19 19 26 13 8 8 12 23 22 36 35 
10 21 23 27 13 41 3 35 1 48 39 2 
45 33 42 34 45 39 12 14 16 33 1 19 
34 27 45 21 16 34 25 35 46 18 8 32 
26 39 13 44 47 21 41 38 36 31 24 20 
21 5 5 16 41 1 21 8 25 31 32 25 
39 6 29 19 30 39 36 1 42 21 24 33 
13 20 10 30 14 36 2 47 12 27 8 41 
6 16 41 24 30 7 27 14 7 6 33 29 
5 1 6 47 20 41 8 41 24 48 16 41 
45 15 28 16 30 20 38 7 9 10 36 1 
40 33 31 5 5 23 17 20 19 11 1 21 
28 12 2 11 11 40 35 47 34 42 5 42 
32 39 11 43 46 27 18 10 39 46 39 33 
30 27 2 6 28 27 40 33 18 34 20 41 
39 43 38 47 23 8 46 12 2 2 35 6 
1 39 16 24 43 20 18 16 21 47 27 17 
34 25 31 5 34 7 4 11 5 25 26 39 
38 22 38 8 27 7 19 37 47 35 5 33 
10 4 21 26 14 46 32 33 29 33 4 46 
35 27 16 35 48 41 35 18 38 37 25 22 
15 20 5 12 16 38 9 40 5 37 25 19 
35 1 20 14 37 13 48 30 40 9 38 7 
35 35 18 9 38 46 4 16 36 48 8 14 
9 25 35 17 31 46 36 25 26 12 40 41 
38 34 44 8 7 37 41 35 10 14 15 35 
7 27 7 12 14 11 17 39 47 7 6 33 
4 26 29 1 48 36 1 17 9 12 31 28 
23 17 29 18 8 34 22 36 24 1 39 9 
23 33 12 34 4 41 11 7 24 24 18 18 
6 5 2 33 46 22 35 4 6 47 34 28 
13 42 9 33 44 22 30 22 18 9 24 45 
23 33 35 32 44 15 5 6 42 13 13 19 
42 17 19 23 34 36 43 2 13 29 18 19 
12 30 47 13 14 33 13 46 16 33 15 46 
27 35 25 36 34 10 6 45 34 44 40 45 
47 46 7 5 9 23 33 11 15 43 18 36 
41 22 27 22 36 48 44 3 28 40 1 7 
5 33 4 21 47 7 44 16 31 30 43 11 
32 24 25 10 15 12 31 23 18 43 13 36 
31 17 29 46 25 1 42 13 15 7 22 31 
45 43 30 41 33 21 12 7 33 41 8 17 
22 42 9 35 41 7 44 33 8 12 19 10 
43 28 18 29 20 24 32 13 19 36 36 47 
16 38 46 40 29 27 35 47 44 43 28 43 
30 18 3 22 21 42 35 48 45 41 31 8 
4 34 12 21 22 12 42 11 31 27 5 26 
23 11 11 37 42 41 10 33 47 27 1 27 
5 5 27 29 24 2 7 25 48 16 22 45 
46 13 8 3 44 15 29 43 23 1 23 7 
35 22 19 16 36 48 39 3 29 13 7 18 
11 21 38 10 20 46 42 38 29 35 20 43 
19 2 38 40 5 27 4 2 48 10 3 9 
31 33 12 24 10 44 19 47 20 47 44 45 
4 24 23 11 17 14 42 36 5 40 24 29 
32 13 25 3 11 13 8 1 13 40 12 48 
34 45 28 26 48 1 41 34 24 12 47 37 
20 7 23 17 9 6 9 29 6 1 4 30 
28 37 44 16 29 27 32 47 6 27 1 12 
39 11 15 41 22 23 43 30 44 43 23 39 
17 13 20 19 4 4 37 36 13 15 32 14 
40 27 4 1 23 43 1 8 33 40 30 11 
40 37 9 22 33 48 7 7 5 31 46 35 
12 31 33 29 24 44 6 31 25 28 4 31 
5 32 45 35 11 28 30 25 44 8 9 14 
8 15 25 6 12 10 17 41 45 19 33 46 
47 15 22 14 36 48 30 24 36 1 38 11 
15 46 16 12 39 5 20 10 31 32 28 14 
31 41 14 4 16 34 20 8 21 12 7 41 
6 33 31 34 26 27 18 40 32 20 42 2 
20 34 24 45 20 33 3 30 16 28 45 21 
26 12 12 7 39 38 15 34 18 46 21 4 
15 19 1 9 17 6 15 44 21 11 34 2 
4 42 38 36 7 41 33 34 8 26 39 45 
41 17 41 34 21 15 11 36 43 4 9 40 
10 20 41 40 20 11 32 24 16 42 2 26 
21 9 12 14 37 10 2 30 2 17 28 19 
6 10 13 34 45 10 27 13 8 29 7 20 
33 11 2 17 25 22 40 16 12 21 1 32 
13 36 2 16 34 10 18 12 43 3 4 14 
17 32 30 12 3 48 18 8 18 17 22 26 
1 44 20 47 48 43 3 9 19 5 30 48 
5 14 26 28 22 29 45 26 14 30 21 48 
44 17 26 16 23 39 18 17 11 6 14 1 
26 13 6 37 3 17 41 26 15 40 46 33 
6 1 46 23 29 27 13 5 21 5 43 21 
37 2 20 28 35 34 43 15 35 1 40 5 
33 9 14 41 17 25 35 41 27 1 10 33 
4 17 22 17 30 47 11 34 23 41 20 26 
17 14 34 41 14 14 5 8 7 24 29 14 
19 2 18 36 9 28 27 18 8 12 26 38 
32 38 4 33 25 36 12 18 22 23 48 18 
1 18 6 44 15 17 11 10 18 36 40 12 
11 21 13 18 43 22 30 47 17 39 22 48 
6 26 27 26 25 22 35 34 47 20 4 14 
43 7 41 7 6 4 6 34 33 45 11 29 
17 22 20 40 20 45 37 24 30 9 17 3 
43 24 47 33 11 34 48 16 17 15 16 26 
22 18 24 27 1 24 34 34 25 3 22 31 
47 3 25 42 7 43 6 14 8 40 5 36 
30 9 9 25 34 44 43 10 38 8 15 18 
34 24 20 29 41 2 38 36 3 41 38 23 
45 21 29 13 18 18 37 38 23 7 20 2 
39 13 30 32 28 45 43 22 9 43 22 30 
34 33 48 30 32 38 8 23 19 9 26 6 
44 38 25 9 47 48 36 44 33 38 40 29 
12 33 7 48 36 45 37 38 1 46 21 10 
12 18 38 17 24 2 1 7 33 2 17 26 
25 5 6 20 18 38 14 42 31 8 29 47 
31 36 11 17 26 16 14 7 3 45 37 11 
8 12 11 10 32 21 41 3 26 41 25 21 
33 40 33 11 32 13 42 16 35 27 25 21 
29 29 13 1 23 12 29 29 40 27 27 47 
41 37 36 26 18 4 46 46 23 17 8 22 
37 14 10 9 9 37 30 12 48 21 9 12 
1 3 43 36 34 17 39 33 15 22 46 11 
7 41 27 24 29 26 40 8 30 37 43 36 
2 6 17 15 13 46 13 1 42 43 3 6 
26 45 5 23 13 12 25 21 6 39 47 37 
35 9 47 22 14 46 29 37 41 26 44 9 
9 43 29 34 36 37 21 2 5 21 25 27 
23 41 2 21 12 47 22 6 22 5 34 9 
18 16 37 13 38 14 46 31 27 47 19 15 
28 28 33 32 26 33 32 13 47 10 4 9 
10 43 21 35 6 20 41 40 4 24 6 35 
43 15 27 24 36 30 43 39 24 41 41 9 
13 46 8 39 1 4 1 23 22 32 35 37 
40 35 33 3 5 36 28 46 8 9 16 5 
39 45 1 19 5 47 9 18 29 26 35 47 
24 26 45 37 14 40 15 5 16 42 9 22 
31 10 38 23 37 30 30 17 18 36 27 26 
13 1 20 43 19 43 3 12 43 42 23 44 
9 6 38 25 3 6 35 36 41 47 45 48 
16 8 43 12 7 35 23 40 4 2 8 1 
4 2 11 21 13 47 15 19 19 31 48 40 
46 11 31 12 11 26 27 34 38 9 44 34 
21 10 33 32 13 40 1 37 4 46 27 4 
19 28 1 34 3 38 42 40 48 10 41 8 
33 16 15 41 40 46 16 21 45 27 40 40 
45 12 23 7 33 12 12 13 21 40 20 43 
4 14 37 26 42 21 17 42 26 48 31 38 
8 5 12 26 29 37 47 31 33 12 32 24 
38 35 19 35 39 24 48 14 27 31 41 28 
37 40 28 9 37 7 31 47 8 22 12 2 
6 7 45 1 35 13 25 43 19 20 19 43 
47 25 40 14 44 24 22 45 36 5 3 11 
33 16 29 19 47 38 13 9 8 13 43 19 
43 41 41 26 1 46 10 10 45 30 3 27 
40 28 14 43 47 20 36 17 15 26 30 7 
26 21 11 26 40 39 1 14 13 41 44 2 
20 20 14 3 44 31 19 41 8 19 30 28 
8 7 39 43 39 40 47 2 27 42 27 29 
5 10 44 26 42 47 25 20 14 23 36 3 
3 48 28 36 44 34 21 4 24 3 46 3 
9 3 31 18 45 12 34 31 23 18 13 19 
7 2 20 23 25 25 30 28 14 3 30 2 
23 1 43 33 7 42 31 39 14 19 18 38 
44 4 41 44 29 3 40 9 47 25 22 8 
18 10 9 32 43 1 1 20 45 28 26 45 
11 34 15 48 2 23 15 18 26 3 1 26 
27 23 23 46 15 6 32 42 13 16 46 29 
5 9 10 34 10 45 42 41 28 6 15 11 
23 28 15 19 23 43 42 28 13 1 34 34 
14 41 20 3 43 22 32 15 18 6 20 22 
25 33 46 38 29 29 8 18 17 29 26 12 
25 22 34 21 25 30 18 29 31 38 27 42 
30 16 44 33 35 10 19 40 39 13 15 47 
30 44 8 29 20 38 13 29 31 32 29 28 
16 13 4 44 21 48 25 48 35 18 17 3 
26 26 28 46 22 38 45 38 24 25 21 48 
12 28 38 35 37 33 21 43 38 37 47 40 
15 44 44 9 32 47 9 43 16 15 19 3 
12 8 35 15 6 39 9 3 24 25 34 26 
17 9 36 33 48 38 13 20 33 33 35 38 
27 23 31 41 32 36 37 13 37 39 5 5 
3 1 37 24 22 29 29 48 26 38 45 14 
42 7 45 33 1 37 16 10 3 27 44 23 
3 22 14 33 38 10 12 48 17 32 45 15 
11 48 4 37 34 39 36 38 41 31 46 31 
36 14 33 12 28 2 43 25 36 7 12 34 
30 47 35 21 25 10 43 28 43 28 25 10 
41 36 27 5 21 23 23 46 8 7 26 5 
27 34 41 27 33 38 40 44 20 45 29 39 
41 8 20 46 45 16 43 41 32 3 3 17 
29 38 39 43 31 12 10 33 27 2 33 32 
46 31 16 19 43 6 5 48 31 24 33 37 
42 2 48 34 46 9 47 19 31 24 39 28 
22 8 19 19 29 14 44 20 11 32 9 2 
3 19 32 32 24 18 27 42 36 28 5 17 
43 7 48 21 1 42 10 29 28 48 44 14 
6 5 46 24 11 11 31 9 20 44 31 28 
2 7 38 15 40 3 4 7 22 27 37 6 
10 16 39 25 20 41 23 28 48 41 39 22 
41 9 46 13 15 40 12 33 34 26 23 13 
11 45 12 35 29 31 43 27 45 23 3 28 
42 38 27 46 45 1 14 9 11 48 37 16 
38 41 32 22 30 25 24 46 16 32 14 27 
35 2 7 39 46 14 40 36 11 48 28 32 
15 32 45 32 14 14 1 34 18 34 17 9 
21 16 38 36 42 9 29 10 32 38 8 1 
8 24 42 1 23 33 21 24 10 26 15 44 
47 23 34 36 19 42 13 40 44 10 22 22 
35 20 2 24 34 8 46 34 40 48 26 10 
43 8 17 19 7 38 3 14 1 18 18 9 
17 28 6 10 22 43 37 7 7 11 3 22 
42 14 5 20 22 41 25 45 18 36 45 16 
34 12 26 30 17 42 41 4 12 40 32 20 
2 12 4 12 26 15 35 2 27 18 38 25 
44 33 41 7 26 19 22 32 13 10 23 8 
11 42 19 22 43 1 8 44 21 18 21 41 
48 25 39 43 27 38 19 5 32 34 37 43 
9 28 31 35 41 19 25 28 17 4 48 12 
30 4 26 16 2 39 24 33 12 37 47 37 
3 44 22 8 41 46 5 45 34 30 20 47 
33 9 46 22 32 41 17 38 11 15 40 15 
43 20 40 18 25 7 10 33 3 28 40 46 
36 42 8 35 35 48 13 41 46 45 13 42 
48 3 12 46 23 13 46 23 11 44 16 17 
24 44 30 24 29 17 14 43 18 5 47 26 
47 45 36 1 48 32 24 46 26 28 12 2 
23 39 33 18 18 11 44 36 26 45 40 32 
47 8 10 44 30 47 45 9 36 40 7 24 
13 12 22 26 15 27 38 1 17 4 11 4 
10 28 32 33 18 15 46 25 2 23 38 14 
45 19 35 18 35 30 44 25 11 2 16 15 
26 27 9 24 24 39 33 11 33 13 13 44 
31 42 3 35 16 13 3 21 31 4 22 41 
21 36 10 3 40 20 41 15 13 8 11 36 
28 2 6 3 4 22 40 18 16 5 6 9 
22 13 3 18 31 13 43 24 31 2 21 13 
10 22 18 5 34 29 38 6 25 30 8 24 
23 45 26 4 17 9 34 16 3 44 45 39 
42 45 44 44 24 11 23 1 48 35 39 15 
28 48 46 6 25 46 17 16 29 15 35 29 
18 10 38 40 34 44 11 35 45 30 21 36 
37 35 19 40 28 23 26 20 40 26 4 15 
28 47 29 5 42 7 38 38 16 5 5 26 
40 19 28 5 16 8 7 8 5 16 39 46 
33 10 6 10 15 23 16 11 22 27 45 20 
14 41 15 23 25 2 2 31 44 20 30 43 
36 16 26 38 18 41 9 19 12 32 16 23 
3 2 11 20 42 36 24 17 24 4 16 30 
26 12 16 12 11 15 45 2 40 1 27 3 
16 37 41 24 8 37 3 33 16 10 29 13 
9 10 48 41 44 44 11 44 25 34 13 31 
2 33 31 14 29 38 16 31 45 12 14 8 
29 45 40 33 36 16 24 46 3 36 22 38 
37 13 22 6 28 8 33 30 16 16 17 42 
4 12 32 47 3 11 27 23 40 22 41 27 
12 28 2 8 43 21 10 44 45 9 43 38 
41 38 27 44 9 12 12 5 9 15 9 2 
40 26 29 45 5 25 15 10 8 36 44 46 
6 25 21 10 5 7 7 5 8 25 6 46 
12 46 39 21 11 13 21 36 40 48 14 1 
32 47 43 37 1 11 30 27 36 48 44 10 
35 6 37 16 16 27 32 36 41 9 48 46 
19 3 5 46 37 15 47 44 9 35 1 40 
25 21 16 32 47 27 2 23 32 46 26 40 
17 20 29 43 10 8 38 10 32 23 7 11 
31 30 44 44 47 8 25 17 2 5 45 7 
32 36 22 12 3 1 45 44 7 26 22 3 
9 25 16 18 35 3 19 12 47 6 28 7 
37 2 24 33 35 2 46 43 30 35 42 1 
18 44 34 44 10 33 40 10 48 34 35 26 
24 6 30 3 2 15 30 7 10 25 2 25 
6 1 42 22 33 26 12 11 28 20 10 32 
47 5 32 28 38 37 29 35 11 30 20 15 
29 34 44 47 7 40 13 44 46 7 21 38 
15 30 6 29 15 45 30 12 15 20 30 2 
4 18 2 6 15 28 20 11 19 14 39 46 
27 48 36 10 20 41 11 43 24 5 26 7 
42 16 48 19 2 29 18 38 18 43 17 5 
4 28 44 24 35 46 28 22 30 46 21 10 
14 32 16 25 3 46 32 27 48 26 34 48 
20 14 43 19 21 38 5 2 43 14 20 16 
42 4 30 10 2 34 2 29 28 41 44 47 
43 28 2 34 33 29 25 18 23 1 11 35 
2 3 25 23 41 47 19 21 33 18 28 29 
30 22 20 20 5 11 8 13 28 23 30 31 
44 4 39 17 6 13 24 11 23 2 12 47 
17 12 9 23 33 20 23 16 14 23 43 27 
40 25 41 16 25 42 40 12 6 36 33 17 
4 43 15 38 38 40 47 47 12 21 13 2 
16 1 40 22 33 15 15 12 7 15 21 42 
15 5 42 34 9 12 22 36 10 39 36 18 
27 42 8 37 35 2 46 34 38 39 7 17 
16 13 2 29 17 21 14 39 6 11 22 42 
28 5 41 29 6 2 30 11 12 38 8 1 
12 9 39 8 18 2 24 5 31 4 11 20 
21 39 13 38 48 9 21 27 47 11 48 16 
31 6 31 18 42 42 9 46 31 5 16 33 
30 2 41 20 10 41 27 47 23 9 8 6 
11 6 35 29 43 9 46 5 11 45 38 34 
6 35 29 31 36 28 16 37 16 47 45 10 
26 1 15 30 8 41 34 48 3 38 19 44 
34 39 22 15 43 36 12 33 22 14 45 48 
25 2 43 46 17 40 20 44 5 9 27 37 
46 24 40 10 16 5 10 44 39 36 19 39 
21 16 10 13 10 39 29 35 44 16 9 5 
11 37 20 32 14 18 46 44 28 25 7 47 
5 48 38 7 23 12 10 42 45 19 22 29 
43 12 47 23 38 20 43 1 25 45 2 43 
24 19 13 26 36 38 48 15 47 47 12 13 
34 10 14 35 4 24 36 7 23 10 4 15 
5 33 37 3 34 43 1 40 42 47 4 21 
18 27 20 13 16 32 20 28 37 47 25 35 
1 33 25 9 23 41 22 28 15 34 18 12 
46 48 42 14 7 8 24 19 42 27 16 22 
13 39 14 9 4 4 20 6 11 15 20 41 
23 3 36 28 26 42 44 10 19 17 16 1 
48 43 12 47 45 46 16 7 33 29 15 22 
44 25 29 3 39 22 27 30 38 17 21 43 
27 41 35 32 14 33 16 20 32 25 43 44 
43 46 14 34 15 9 48 27 20 3 41 18 
13 11 18 46 5 31 24 39 12 41 8 38 
7 45 41 5 6 27 34 35 32 28 25 18 
2 36 41 18 32 38 30 6 35 5 15 48 
48 14 18 48 44 42 37 36 43 43 14 31 
36 3 44 13 10 25 24 5 21 28 44 28 
14 38 13 34 3 25 31 12 10 27 3 30 
22 26 44 3 23 16 2 16 48 43 35 1 
8 42 21 7 48 45 18 27 4 22 5 45 
13 27 27 21 26 36 44 44 19 35 9 2 
29 35 1 6 29 33 19 12 6 11 35 2 
44 26 47 45 9 6 11 22 24 20 23 42 
19 34 29 3 41 40 38 24 4 3 21 13 
9 29 13 14 15 29 31 10 18 37 43 12 
45 8 36 48 45 15 29 35 43 27 27 38 
10 9 12 48 33 31 18 8 26 42 36 46 
37 37 38 29 18 25 31 7 38 29 39 6 
6 39 34 31 38 17 26 48 33 11 21 12 
33 6 7 43 43 43 26 7 34 15 41 2 
36 18 27 38 40 23 2 41 11 47 16 35 
22 29 11 15 24 42 19 2 18 17 7 21 
25 27 17 33 44 40 9 4 18 28 10 4 
25 18 13 47 30 11 17 24 23 38 10 43 
23 7 23 36 31 10 43 42 10 15 12 39 
33 34 8 22 20 23 37 33 34 31 27 24 
31 19 46 32 30 14 46 42 3 27 35 27 
17 32 2 39 41 46 19 15 38 29 17 23 
17 21 44 33 29 21 3 40 35 46 21 33 
12 5 45 39 26 32 32 13 7 1 17 43 
20 13 11 19 35 47 37 28 12 38 13 19 
1 29 35 42 26 16 13 23 21 22 21 12 
42 32 24 20 26 3 48 8 12 7 44 28 
34 41 45 38 47 39 46 33 42 36 45 19 
13 11 11 9 28 34 36 12 48 1 44 43 
11 48 13 41 15 12 25 44 22 35 4 19 
14 37 3 39 30 9 35 2 14 43 24 46 
4 29 20 18 3 15 41 12 26 35 35 16 
5 48 10 3 15 30 48 8 16 37 12 11 
24 32 18 46 23 12 15 35 35 23 15 5 
7 8 21 22 15 10 40 4 43 48 29 24 
33 16 18 2 14 23 18 20 29 35 19 1 
4 1 47 43 43 1 33 16 8 30 32 10 
4 6 10 11 25 13 31 23 33 5 34 35 
30 24 33 12 43 27 16 15 15 13 26 45 
25 3 27 46 27 18 42 30 24 30 31 40 
9 28 15 15 19 47 48 3 40 8 23 45 
9 3 25 30 11 31 35 42 45 31 29 16 
41 48 25 31 15 48 12 3 9 20 28 41 
7 35 23 20 10 12 2 7 11 26 2 21 
18 35 20 16 29 7 20 20 30 42 5 13 
17 20 18 28 4 15 6 23 4 25 17 40 
27 29 32 42 1 33 15 13 29 38 37 46 
18 9 36 10 12 36 11 29 38 38 13 16 
27 16 2 15 22 37 6 35 8 13 3 16 
23 24 41 44 38 25 27 27 40 30 41 29 
27 26 47 44 42 6 31 24 25 23 9 20 
44 13 33 31 19 14 33 29 8 12 23 46 
14 31 8 42 8 7 33 42 20 9 29 31 
46 4 39 39 4 35 43 29 32 4 45 1 
20 1 40 39 46 11 47 28 9 31 45 35 
27 34 9 47 31 39 24 29 36 23 17 28 
44 22 9 36 8 47 22 36 1 46 27 6 
30 46 36 34 48 4 38 38 15 11 37 5 
11 3 31 33 45 40 22 10 43 11 25 27 
7 47 36 26 21 1 13 38 41 30 30 14 
24 36 4 13 12 2 15 40 26 33 4 34 
33 11 31 32 6 38 31 28 15 27 40 16 
25 14 43 46 11 16 20 41 33 6 42 41 
10 13 28 27 17 36 6 22 29 4 44 11 
48 31 35 35 34 7 24 20 45 47 28 30 
32 10 18 9 36 15 9 23 12 13 6 47 
13 32 48 9 18 31 8 21 20 16 41 28 
17 5 41 15 4 2 42 23 39 6 3 24 
42 4 3 9 25 8 31 45 9 34 25 45 
24 22 13 37 39 11 6 35 44 9 15 2 
34 30 33 19 48 10 48 28 43 12 18 39 
8 23 48 41 15 13 43 25 23 35 34 36 
24 26 43 23 9 36 4 2 28 24 19 5 
48 19 19 22 46 40 45 14 32 5 28 25 
19 4 23 30 36 39 20 9 20 27 33 1 
3 47 13 22 48 12 29 32 29 10 8 43 
20 41 5 34 27 5 47 33 30 22 47 1 
39 26 30 5 20 9 34 3 47 7 27 5 
42 13 28 9 39 32 33 33 1 5 8 41 
46 17 13 30 25 46 12 21 47 31 32 38 
19 34 46 20 8 23 39 7 27 14 27 14 
10 27 33 47 39 34 1 5 33 25 13 36 
2 11 9 42 30 5 15 22 28 23 39 44 
13 22 40 39 2 16 22 20 8 45 11 30 
2 35 33 31 28 7 35 11 34 43 19 3 
32 21 25 11 20 2 22 13 15 19 48 14 
33 22 40 24 22 19 39 10 40 45 41 2 
46 1 9 25 29 18 38 48 11 22 34 30 
17 9 16 35 30 26 6 33 41 19 16 15 
9 25 26 22 40 16 34 42 15 12 37 3 
29 29 29 39 33 27 9 42 29 36 37 18 
23 15 41 47 7 1 48 26 47 38 7 32 
31 26 26 19 12 1 25 6 4 20 22 44 
13 36 18 26 1 36 42 35 14 46 23 34 
10 34 14 5 9 35 7 39 41 18 43 12 
18 26 42 17 43 10 3 42 15 19 21 15 
46 8 45 15 15 48 14 20 2 41 4 2 
4 34 8 41 31 48 4 3 20 10 29 28 
27 35 35 2 16 40 9 12 47 23 5 19 
3 36 4 19 26 28 48 1 20 12 30 40 
33 21 45 17 43 19 34 40 33 6 4 28 
2 13 6 34 2 37 15 45 42 34 14 16 
37 16 19 33 29 5 3 34 23 29 13 19 
37 35 10 38 41 28 21 12 32 37 1 39 
34 44 15 37 21 5 34 44 38 38 39 12 
25 2 45 45 17 6 45 19 7 12 22 19 
48 8 23 37 8 9 20 11 18 18 5 36 
18 10 5 26 32 30 47 48 43 1 2 15 
30 35 1 28 48 1 41 12 15 15 40 8 
35 30 15 25 11 45 11 3 48 9 1 47 
26 35 25 5 13 35 10 38 23 10 47 41 
39 4 27 43 30 22 40 2 31 19 23 16 
44 12 20 45 47 42 7 6 45 24 24 20 
43 6 30 35 23 4 37 32 29 19 45 41 
17 29 15 4 7 35 42 13 29 21 21 48 
25 41 21 31 35 9 33 25 27 41 19 35 
4 24 5 29 30 20 35 42 41 19 12 46 
3 12 33 20 33 46 16 23 5 29 4 20 
34 3 23 38 46 13 43 41 19 36 5 17 
34 10 12 20 7 14 23 7 45 40 12 4 
19 8 39 23 39 40 23 46 28 5 42 25 
34 21 43 38 25 45 41 32 41 23 41 43 
16 18 36 19 30 36 1 23 18 28 37 46 
21 23 12 26 2 32 32 14 34 34 24 43 
5 29 6 23 31 22 27 27 18 27 42 31 
11 31 21 10 48 46 21 24 13 7 25 14 
1 15 27 24 6 43 17 7 33 39 37 5 
12 13 38 33 2 45 26 34 16 41 41 27 
29 42 23 32 22 7 24 33 29 13 18 46 
28 2 14 27 8 47 38 37 17 39 26 5 
31 34 18 48 37 17 14 12 45 43 27 30 
14 14 22 3 32 7 42 32 25 41 18 37 
45 22 43 12 33 16 17 34 28 6 8 7 
28 45 29 8 43 16 27 30 11 46 34 16 
3 26 20 22 36 48 43 16 24 39 48 19 
4 3 44 32 37 40 39 38 43 40 48 20 
28 1 35 38 31 29 3 16 1 18 47 9 
19 31 35 43 14 5 16 1 21 9 10 1 
7 26 1 19 11 41 5 14 21 7 26 47 
40 43 30 29 32 32 32 31 35 32 20 35 
19 42 24 11 13 15 10 26 41 15 8 21 
35 30 28 3 38 20 23 46 19 27 4 19 
24 25 2 39 5 35 37 19 21 30 38 4 
27 30 42 41 42 9 5 19 33 41 40 41 
11 33 2 9 34 34 15 7 45 19 12 47 
36 8 41 42 16 26 12 44 34 24 3 26 
1 47 48 35 10 3 30 2 27 7 29 27 
45 30 31 39 11 44 18 48 42 6 9 34 
12 48 20 42 37 9 34 1 19 29 11 5 
13 17 42 34 16 16 34 43 39 25 2 30 
10 33 19 13 38 36 3 20 15 20 28 10 
24 35 41 10 31 30 47 13 10 12 16 39 
21 10 11 41 24 30 6 13 27 44 28 41 
3 13 46 17 3 15 40 20 4 41 29 34 
21 45 10 43 12 41 32 45 21 1 18 38 
26 28 13 46 31 12 22 46 46 21 8 19 
3 9 20 10 42 20 42 7 6 33 35 7 
33 11 1 12 46 9 32 19 34 20 29 5 
42 43 5 33 17 43 47 16 3 47 18 5 
1 42 9 39 1 40 18 17 6 4 36 38 
29 1 31 9 46 33 33 33 36 12 35 48 
22 42 46 17 43 6 14 12 26 12 34 36 
24 10 31 48 13 39 47 9 22 1 20 38 
39 24 25 28 6 21 36 24 37 9 19 4 
8 15 24 3 6 30 23 5 17 26 1 7 
3 16 11 43 38 17 4 40 32 48 4 37 
41 12 10 6 9 20 44 31 14 32 5 10 
3 6 36 3 31 28 22 26 47 5 37 43 
46 17 4 43 38 18 11 20 33 3 25 34 
31 15 21 4 35 34 35 23 31 41 11 3 
4 7 25 12 6 14 48 22 24 10 48 41 
8 17 20 8 20 28 41 16 4 38 35 4 
34 47 16 45 8 19 23 31 24 45 30 41 
43 39 12 35 30 5 19 7 47 12 44 3 
25 14 46 30 28 38 36 23 28 19 44 25 
6 18 38 28 28 23 33 19 5 29 9 41 
15 45 16 48 23 13 12 7 31 1 3 25 
35 46 36 10 7 10 29 16 43 32 36 3 
48 32 23 12 3 31 41 39 34 31 27 34 
47 18 34 31 13 31 48 18 39 30 42 47 
36 45 14 28 19 46 47 32 22 39 41 11 
14 31 21 1 22 15 26 16 41 1 19 9 
5 25 9 16 17 28 19 41 29 16 35 31 
35 44 42 36 38 46 46 34 37 42 7 18 
25 39 18 19 37 28 31 3 12 23 17 26 
19 36 40 34 32 8 12 12 6 44 38 9 
30 43 15 30 13 32 13 33 33 16 41 19 
25 27 33 40 35 13 21 19 10 13 21 46 
28 38 43 31 34 23 29 44 41 20 27 22 
30 35 47 31 17 24 42 45 4 5 20 6 
7 43 14 24 1 31 26 28 30 39 12 31 
38 1 8 32 11 9 3 24 13 20 44 20 
3 34 32 25 45 13 11 40 15 28 15 5 
29 27 39 40 39 42 3 26 9 38 4 24 
36 13 19 27 9 39 45 1 2 22 31 32 
9 27 44 6 9 45 21 24 15 32 37 14 
15 29 11 9 29 6 44 46 45 25 4 26 
32 8 19 36 13 5 47 9 45 6 41 35 
16 13 26 10 13 48 28 13 25 31 41 1 
40 23 38 7 40 12 45 45 3 3 36 15 
4 40 9 25 1 18 18 2 19 45 24 14 
12 27 37 44 25 28 23 15 34 25 3 38 
6 26 28 34 2 12 4 39 33 25 8 15 
31 27 17 16 43 42 40 34 6 13 43 9 
41 29 3 5 47 16 16 47 6 10 47 34 
17 17 11 27 26 22 38 13 47 34 29 9 
17 5 5 28 7 22 48 44 46 6 48 24 
43 34 34 6 30 25 8 14 42 37 10 25 
27 41 25 31 23 41 29 46 1 3 41 28 
4 24 38 48 33 39 44 4 12 43 12 11 
34 7 28 25 33 44 21 1 27 22 7 48 
33 10 26 12 33 18 15 30 2 22 39 32 
43 33 30 42 27 34 33 19 44 3 36 15 
26 47 32 19 18 18 41 10 42 3 27 30 
37 33 18 40 22 25 9 32 12 8 19 26 
44 47 13 14 25 25 13 34 15 12 29 18 
42 15 18 28 21 4 3 35 14 6 13 38 
35 39 28 27 8 48 47 13 23 22 39 7 
48 4 20 9 18 21 35 48 39 45 22 46 
37 25 45 34 46 45 5 24 31 41 22 33 
30 4 36 9 30 5 14 24 3 26 3 22 
26 7 33 3 36 32 28 2 40 11 21 24 
12 4 40 34 18 11 44 37 39 29 10 31 
29 46 8 37 5 12 12 24 7 20 5 42 
42 19 12 8 46 8 42 44 38 16 19 17 
46 19 42 29 22 27 9 30 10 5 7 38 
46 47 19 5 8 18 31 5 29 7 46 35 
42 45 23 40 26 16 38 14 24 29 25 46 
36 46 41 12 42 1 16 14 11 3 24 3 
7 18 38 16 42 3 44 40 27 13 32 9 
47 9 18 18 27 16 29 34 15 30 33 36 
10 45 25 27 21 12 31 15 14 10 27 22 
26 45 3 26 11 37 5 12 30 47 46 36 
28 16 18 40 1 26 6 43 24 18 36 29 
20 1 47 12 29 11 39 13 28 39 15 39 
10 2 20 41 45 35 8 5 37 40 44 16 
25 24 19 25 27 41 17 8 25 43 18 24 
30 4 8 10 5 2 38 5 21 6 18 17 
34 13 32 8 5 21 46 7 10 47 17 43 
29 25 13 25 35 32 13 34 27 13 2 40 
3 7 31 25 45 29 34 40 34 30 40 11 
30 7 34 15 5 10 16 41 6 17 3 16 
12 35 1 23 21 38 37 23 19 35 34 47 
12 7 33 26 6 42 47 42 36 36 39 44 
16 40 11 30 23 28 11 6 31 10 34 22 
41 23 22 5 39 6 27 39 47 15 48 6 
15 30 44 1 27 42 30 1 11 43 21 42 
3 20 14 11 10 30 24 35 46 29 34 43 
10 38 37 36 11 37 12 29 30 45 30 32 
26 41 40 1 36 31 37 44 17 38 17 44 
12 41 39 15 33 6 31 24 35 29 7 24 
48 29 20 10 48 10 16 36 9 20 18 28 
2 42 34 47 41 7 33 31 26 22 31 3 
34 12 43 19 34 27 13 5 44 35 22 33 
36 14 17 4 17 5 1 6 31 38 21 19 
37 28 12 22 16 34 45 6 10 7 14 48 
20 24 3 33 41 7 43 17 8 37 35 38 
36 16 18 35 12 45 19 46 22 40 17 36 
36 18 15 24 27 47 10 34 34 35 6 16 
41 27 11 43 47 11 8 43 34 7 43 16 
28 9 25 8 24 38 39 12 23 20 46 38 
35 24 6 3 24 47 30 39 47 12 8 45 
32 39 26 26 30 23 7 22 41 4 40 5 
45 12 9 2 3 22 13 42 45 13 7 6 
21 13 5 12 8 33 37 37 8 3 15 47 
6 5 24 6 28 28 19 22 7 47 44 3 
44 22 14 39 19 28 32 3 4 25 38 33 
11 15 5 17 11 3 16 23 45 9 9 46 
19 24 32 10 11 9 2 19 33 3 24 2 
41 42 5 30 25 29 40 9 36 6 17 11 
42 34 1 33 22 29 31 10 1 12 19 17 
41 34 1 15 28 20 48 20 39 22 42 27 
25 7 35 9 31 18 15 4 18 43 37 20 
42 11 32 39 43 7 7 28 28 24 36 36 
43 6 36 22 6 39 25 2 11 29 47 3 
32 37 27 13 2 3 39 46 6 3 25 30 
21 31 42 4 14 24 43 18 11 28 21 10 
1 27 39 11 4 6 33 15 41 3 36 1 
32 19 5 43 19 10 42 10 46 21 36 25 
13 36 15 2 22 44 12 11 15 12 36 35 
37 11 40 36 4 25 34 21 30 1 1 23 
14 21 28 23 8 13 10 20 27 39 14 32 
28 19 48 32 45 42 17 45 39 47 12 27 
38 21 16 15 43 12 26 23 16 20 2 22 
47 19 17 45 44 23 33 34 33 6 31 47 
12 12 39 41 6 36 48 27 45 46 38 40 
4 9 26 41 25 2 43 16 22 19 4 44 
32 39 46 28 11 13 32 15 25 18 46 24 
18 31 27 20 5 22 39 18 22 6 24 35 
35 41 48 26 27 22 1 4 29 26 45 7 
10 18 4 41 29 44 15 13 44 23 25 32 
37 13 46 9 24 28 41 20 8 11 42 33 
18 18 27 10 31 20 43 29 19 6 43 18 
5 35 1 44 42 46 11 40 5 27 16 29 
41 11 43 48 46 7 12 45 17 48 2 27 
41 1 39 1 44 42 31 36 36 29 4 20 
16 14 45 30 35 28 45 27 9 1 44 5 
31 44 45 27 15 16 28 13 39 36 48 23 
46 2 2 20 30 12 33 38 29 31 25 16 
34 42 46 5 1 47 31 35 8 23 12 37 
48 39 46 33 2 39 30 18 37 35 42 10 
13 26 15 48 43 30 30 41 41 26 15 2 
11 7 28 33 45 9 15 9 31 13 18 16 
8 32 29 14 4 25 1 41 40 42 30 7 
45 28 14 26 8 12 15 14 34 31 4 10 
47 23 15 28 44 23 31 1 39 15 16 36 
15 21 26 9 28 26 39 47 19 41 32 18 
11 6 46 48 36 15 30 27 19 23 3 41 
9 36 17 35 30 47 6 5 22 28 20 28 
29 1 9 22 14 3 27 48 47 3 45 24 
19 8 10 19 39 1 47 36 10 33 33 10 
32 38 26 32 38 1 42 41 13 1 9 10 
40 37 29 46 18 19 32 40 25 17 37 16 
4 34 47 26 15 46 46 20 25 30 7 4 
14 30 46 17 37 40 25 36 13 19 6 24 
25 32 47 31 44 39 16 3 40 30 41 42 
24 21 9 46 26 36 47 24 22 3 46 17 
42 29 36 27 4 26 17 28 36 34 11 10 
21 3 31 42 24 34 15 20 20 47 31 6 
24 25 29 13 22 36 22 27 43 30 23 25 
13 20 4 4 46 23 22 31 32 6 48 3 
19 30 45 32 20 42 35 48 5 9 8 15 
1 7 33 13 2 16 29 2 11 42 23 3 
30 3 39 30 13 27 22 9 35 5 39 34 
12 33 38 23 22 25 23 39 41 12 43 15 
42 44 44 6 17 47 17 48 45 35 44 19 
45 40 45 2 44 10 1 19 21 14 32 10 
19 43 14 22 48 45 16 44 43 11 34 23 
17 42 45 33 20 2 9 23 25 40 48 46 
47 38 25 43 1 2 42 9 27 20 30 32 
37 41 34 46 39 1 31 23 22 26 46 21 
3 16 31 19 24 35 19 29 21 39 25 48 
16 31 22 38 3 14 12 41 18 37 26 38 
46 45 26 41 20 33 2 9 35 46 25 39 
19 25 30 31 1 47 20 4 6 19 21 29 
2 14 46 29 37 15 35 32 17 20 12 10 
17 39 13 47 8 3 43 5 12 22 21 26 
42 46 42 32 40 26 17 6 47 15 1 47 
18 36 26 40 22 23 25 11 31 42 32 38 
5 3 1 44 6 32 41 26 27 24 8 5 
14 27 37 41 14 24 6 24 22 13 25 43 
28 19 23 19 28 1 6 29 14 32 38 13 
41 44 21 29 46 1 30 16 2 15 44 17 
13 15 35 14 23 35 42 28 41 31 12 39 
10 32 10 2 37 36 29 4 34 5 48 33 
47 43 43 13 43 24 44 32 45 46 48 13 
18 16 17 2 47 47 29 17 2 35 5 45 
22 7 34 13 47 21 42 16 12 3 11 41 
1 46 36 25 23 39 16 36 5 31 21 8 
19 5 7 44 37 22 42 36 34 28 9 23 
39 5 43 3 6 5 5 33 37 18 40 18 
46 24 30 27 46 33 23 3 5 15 24 15 
39 45 14 27 17 13 45 38 8 29 44 32 
13 4 2 17 31 36 6 14 17 20 45 9 
27 6 12 27 6 7 5 3 35 44 40 48 
4 4 4 13 19 43 38 8 21 46 30 11 
44 39 31 44 3 40 7 6 19 29 15 1 
20 7 3 12 30 3 24 41 23 30 42 36 
28 10 24 18 40 36 25 36 13 48 3 43 
8 36 3 47 26 35 29 8 35 31 13 37 
15 21 34 44 19 9 42 36 24 38 36 29 
7 4 3 6 8 17 31 45 13 17 31 17 
25 16 1 4 37 28 26 10 2 13 21 43 
31 31 9 37 29 30 9 36 19 34 7 48 
41 43 5 46 11 37 32 31 32 15 16 39 
30 36 13 41 10 5 32 17 16 33 6 25 
37 34 46 22 9 13 30 17 44 2 29 8 
33 14 13 35 3 17 35 6 43 3 16 6 
44 44 28 23 19 33 32 17 21 26 25 37 
43 11 9 45 31 24 1 34 12 10 45 42 
4 24 44 40 36 6 7 14 32 28 12 30 
35 40 37 27 40 26 3 46 9 29 5 40 
30 39 15 24 38 10 7 39 6 9 9 33 
32 1 6 31 44 24 39 15 29 27 1 44 
16 21 23 46 12 16 26 45 23 7 32 24 
45 37 17 3 42 44 25 13 10 42 26 48 
45 5 46 37 35 42 43 45 12 43 33 38 
20 11 35 40 19 8 11 10 14 40 2 29 
4 31 16 27 25 13 11 38 30 46 29 25 
38 1 47 2 27 39 37 7 6 47 22 46 
13 1 34 6 37 5 30 32 37 34 7 37 
46 35 28 23 43 10 40 10 32 9 3 14 
11 11 6 28 20 43 13 35 42 44 20 32 
47 26 47 41 14 5 13 16 35 10 30 33 
25 22 42 16 29 3 28 24 11 31 15 48 
2 32 7 47 14 3 10 34 14 12 14 48 
48 4 1 27 3 17 31 39 26 1 22 44 
47 2 32 26 48 46 36 40 23 42 5 48 
45 39 42 5 36 15 5 48 30 13 5 26 
22 20 22 26 19 15 42 19 35 33 8 29 
12 6 11 11 18 11 19 40 9 2 45 8 
20 38 39 4 10 24 25 17 44 29 45 5 
6 24 18 10 18 27 37 43 9 20 12 10 
35 28 16 45 17 10 32 26 19 2 7 3 
43 37 38 44 47 5 13 30 6 39 23 17 
20 32 30 32 10 44 33 45 41 34 48 24 
32 11 11 26 26 24 4 6 36 44 14 1 
2 4 25 35 31 1 40 3 6 48 38 32 
29 35 5 35 35 26 38 27 27 2 15 7 
5 24 44 13 42 42 40 6 19 10 43 33 
46 31 20 45 11 11 1 7 40 45 26 7 
24 26 44 40 32 16 26 7 15 38 17 12 
25 3 42 44 41 43 21 11 48 2 48 41 
14 25 13 14 25 36 37 42 46 39 34 11 
39 12 43 43 22 20 12 42 18 10 22 19 
19 43 32 9 34 23 43 46 39 6 16 3 
47 48 24 3 5 45 33 9 21 28 3 44 
11 23 13 14 28 4 10 43 5 10 12 5 
27 44 37 14 5 44 32 39 47 40 34 28 
24 26 27 13 19 25 14 46 24 33 13 9 
1 42 25 45 44 11 46 6 36 23 24 26 
41 30 5 32 11 31 2 14 8 48 15 16 
39 30 7 42 31 25 47 10 21 4 20 44 
12 2 5 14 31 2 2 26 32 45 4 21 
33 17 30 19 15 44 34 8 4 18 34 3 
47 48 25 7 21 8 19 7 5 5 35 28 
43 15 23 32 17 16 44 6 8 9 17 11 
7 19 12 20 4 8 45 33 46 1 27 16 
1 28 13 25 39 45 44 20 30 36 23 33 
35 32 45 39 33 21 5 30 26 43 5 33 
20 12 17 45 41 32 38 11 19 28 19 19 
7 42 29 37 44 6 26 39 27 44 33 21 
17 3 38 48 25 40 23 31 19 38 41 5 
8 25 41 18 30 8 15 40 18 35 6 47 
46 31 16 37 6 22 48 31 6 39 38 4 
11 19 37 41 38 12 17 39 1 41 35 33 
45 24 27 32 37 6 36 2 43 37 29 2 
36 4 2 21 28 45 38 16 30 33 7 35 
33 24 14 28 26 34 40 1 42 35 34 28 
39 9 41 13 17 4 23 14 26 19 46 47 
26 32 6 31 41 32 34 4 8 19 46 22 
14 24 10 42 20 6 17 43 13 44 20 32 
42 27 12 26 7 30 18 38 18 22 41 32 
36 30 10 19 17 46 7 36 17 15 24 8 
4 42 48 12 7 19 10 44 26 5 21 17 
48 14 22 10 40 19 28 21 30 19 46 22 
16 17 7 45 28 31 9 34 20 39 32 24 
11 27 39 41 38 18 47 39 45 30 26 46 
11 42 22 19 4 43 16 10 6 16 45 28 
19 1 11 26 9 2 33 37 8 3 15 30 
19 42 24 45 31 13 11 40 30 32 21 39 
25 18 46 29 14 22 48 22 39 14 28 1 
48 42 12 40 13 21 33 32 42 36 36 5 
17 28 21 27 12 32 33 35 36 23 18 30 
32 14 16 8 48 33 29 9 34 6 2 12 
48 9 41 38 4 13 21 47 40 9 46 40 
42 32 32 44 28 7 48 40 34 11 23 23 
39 4 24 28 30 16 7 44 7 13 9 5 
34 3 19 10 43 41 34 42 3 4 7 3 
4 7 26 20 2 28 13 19 14 20 39 1 
37 6 1 35 38 39 18 24 36 36 38 34 
1 25 16 31 27 33 13 28 31 30 26 22 
43 7 19 27 32 26 41 29 27 30 36 36 
13 13 28 29 16 32 20 27 26 9 18 14 
30 21 42 12 14 33 8 12 2 34 11 38 
32 39 43 30 30 40 39 20 26 15 23 33 
10 19 37 35 11 17 22 20 10 15 44 43 
43 6 14 8 11 44 11 23 26 1 45 23 
27 9 9 41 6 30 17 41 14 10 41 25 
4 1 37 33 4 28 37 24 45 2 2 37 
29 26 32 3 31 21 24 48 38 14 6 12 
17 36 35 11 31 36 38 27 44 17 41 6 
16 29 10 35 30 39 33 5 37 36 22 31 
45 38 5 43 16 7 43 6 48 6 47 29 
12 1 26 36 13 4 3 34 24 40 4 45 
45 14 25 30 30 29 34 13 41 2 33 32 
38 8 39 35 40 7 28 39 10 46 34 29 
12 20 35 19 18 1 13 38 35 42 8 41 
14 1 40 8 3 29 12 31 28 35 41 45 
23 26 9 9 41 1 10 34 39 33 25 26 
13 16 23 14 22 7 34 40 33 28 37 38 
27 27 16 28 7 47 29 3 27 10 33 2 
22 23 8 28 30 29 24 24 5 26 18 6 
20 11 24 14 23 20 9 29 4 21 2 2 
20 29 26 39 45 22 17 7 12 2 29 33 
19 19 34 33 46 19 14 6 24 33 37 20 
47 19 39 6 27 29 48 27 35 38 29 46 
2 21 3 40 36 10 46 42 10 12 23 33 
6 4 41 38 16 2 27 28 34 36 7 46 
46 29 36 15 42 13 40 26 25 22 6 23 
21 20 44 45 37 42 16 2 11 37 18 22 
41 28 14 43 44 40 27 4 32 35 21 33 
18 1 43 31 19 9 23 5 40 9 16 10 
38 3 36 18 19 6 10 42 36 15 35 40 
12 43 48 2 32 17 39 46 20 1 11 21 
46 8 21 12 15 32 43 20 38 46 33 25 
1 10 10 31 22 11 30 32 23 18 21 46 
8 25 7 16 45 26 40 14 22 18 6 28 
14 38 14 33 7 39 7 26 38 30 26 33 
32 24 19 33 13 5 7 31 3 6 22 5 
45 37 6 9 8 29 42 17 5 2 12 2 
20 29 11 37 32 18 39 45 30 5 6 35 
3 6 19 27 14 39 8 34 21 14 14 29 
1 29 42 17 43 32 7 13 21 4 19 40 
3 30 6 30 4 27 18 33 39 12 40 44 
41 2 28 8 24 41 37 28 2 18 45 40 
14 20 45 41 44 17 9 32 23 34 34 22 
48 35 2 39 41 39 44 37 19 20 20 40 
42 41 20 9 37 14 8 47 11 5 38 45 
10 4 30 5 24 22 23 12 36 4 19 26 
28 25 31 20 11 45 27 16 35 36 44 4 
1 27 14 10 41 21 23 26 23 23 6 25 
39 22 22 18 6 45 14 33 15 30 11 19 
10 42 18 20 23 1 8 42 26 26 35 11 
21 25 38 42 35 18 1 3 14 37 6 8 
17 13 46 17 33 17 19 14 46 14 15 16 
17 6 47 6 11 28 33 35 17 9 13 20 
35 44 10 21 42 33 10 36 47 27 9 38 
15 19 36 17 45 11 41 25 27 38 47 46 
13 20 23 18 35 25 22 24 7 42 3 28 
6 48 34 17 10 13 36 11 22 9 30 40 
21 36 20 31 46 8 15 35 1 18 35 30 
30 12 37 6 40 22 34 7 44 14 10 33 
45 47 39 24 16 1 46 7 17 25 39 22 
12 16 29 12 40 47 30 6 32 32 15 45 
18 37 39 17 42 37 27 9 44 44 15 18 
39 8 44 47 45 16 41 26 11 14 47 31 
40 36 47 34 44 48 3 36 31 1 5 21 
16 13 20 37 29 23 23 17 21 27 37 43 
33 11 12 37 36 16 1 20 17 36 25 16 
3 27 23 9 13 19 15 24 22 47 17 44 
22 22 35 30 15 33 26 5 31 36 35 15 
35 38 28 19 31 30 24 36 40 1 42 2 
8 13 35 20 48 42 11 31 35 22 20 36 
43 1 43 37 38 14 38 37 5 10 9 47 
33 46 31 39 14 16 42 26 4 22 27 24 
9 38 43 40 17 43 41 11 27 20 43 11 
25 22 35 11 29 19 3 20 38 32 46 46 
15 47 46 45 48 15 28 47 8 31 45 5 
24 36 44 43 14 19 21 4 21 25 1 21 
8 39 39 28 14 4 9 24 2 31 39 21 
37 6 43 48 40 29 5 37 5 16 37 15 
43 13 46 11 6 23 40 36 32 24 31 45 
45 38 46 31 37 32 7 7 1 3 27 11 
40 15 33 48 41 13 37 4 21 42 23 42 
36 36 41 6 33 10 30 6 16 15 24 44 
21 30 10 45 8 5 33 2 16 34 26 29 
33 7 6 3 31 48 15 9 1 16 25 15 
38 24 43 30 44 31 37 2 1 30 35 48 
20 27 4 19 10 46 42 38 26 29 8 46 
7 38 11 18 18 24 5 6 21 32 21 14 
