100
22 47 15 26 33 18 1 29 4 39 44 11 
5 8 22 27 17 2 30 43 13 40 46 34 
47 15 3 35 32 41 12 6 29 25 9 21 
44 12 26 17 23 20 39 36 33 8 2 5 
44 5 48 1 28 39 12 22 32 16 8 35 
2 9 32 6 39 15 22 29 12 47 44 26 
24 45 11 1 7 27 48 16 30 41 20 36 
48 13 9 30 41 16 23 19 44 26 33 2 
4 28 7 1 10 14 33 18 42 39 23 36 
47 17 2 13 25 42 9 5 20 33 38 29 
17 14 32 23 39 45 28 3 9 35 20 42 
2 14 40 18 27 11 44 5 23 47 33 36 
39 33 8 23 20 17 36 47 13 44 1 4 
31 37 26 34 12 17 5 48 23 8 45 1 
44 37 30 26 23 5 34 20 40 1 8 16 
25 40 34 10 46 43 2 28 21 6 18 31 
20 27 33 30 37 7 40 47 44 3 12 15 
20 17 43 14 36 6 47 39 3 27 23 30 
12 16 38 32 48 45 1 9 29 41 19 6 
23 34 16 2 5 42 48 38 31 26 13 19 
36 2 48 44 33 16 39 22 13 10 19 27 
1 5 23 29 19 11 14 35 32 48 44 26 
28 9 37 15 18 34 2 22 31 47 44 40 
36 6 1 17 48 25 44 32 22 12 29 39 
27 8 35 41 13 2 48 19 5 38 32 45 
10 32 25 28 36 22 46 43 1 18 15 4 
45 26 5 17 13 9 36 20 32 2 39 48 
40 36 9 6 31 23 14 47 17 27 43 20 
10 23 27 42 18 36 33 15 46 30 39 4 
2 12 28 46 43 24 17 5 37 31 40 21 
31 12 5 48 2 45 28 24 21 34 15 37 
5 15 1 42 9 28 47 34 39 25 31 20 
32 14 17 5 44 2 11 20 25 37 48 41 
13 38 10 26 29 7 1 34 22 19 44 48 
5 14 41 37 21 2 34 48 10 17 28 25 
47 35 8 20 29 32 39 12 44 16 3 25 
29 25 17 39 42 36 32 5 9 12 48 45 
22 45 25 32 41 48 2 7 36 18 15 12 
41 14 22 35 44 8 28 38 18 32 48 2 
32 37 21 44 48 6 3 9 41 27 24 14 
1 14 22 17 26 34 40 8 37 48 44 4 
21 45 3 8 41 29 37 24 14 32 48 18 
45 15 29 38 9 42 20 6 48 12 2 25 
15 25 31 38 22 11 7 35 18 1 44 48 
33 30 2 37 10 16 48 7 22 19 25 42 
24 36 44 31 27 12 8 40 2 47 17 21 
25 7 45 18 30 39 10 14 2 35 21 48 
4 32 7 22 35 19 1 46 38 29 14 42 
43 14 47 40 11 30 5 25 8 36 21 2 
46 28 22 25 1 19 34 37 41 16 11 4 
18 27 11 39 45 24 30 2 15 5 34 48 
2 5 34 48 23 41 10 38 19 26 15 45 
21 17 44 9 47 24 27 37 14 34 40 31 
15 21 44 38 30 5 2 9 18 48 24 33 
5 38 42 1 33 48 22 18 12 26 45 9 
11 27 36 1 17 23 5 47 39 14 42 30 
37 12 34 2 21 27 40 8 16 5 24 43 
22 1 40 33 9 43 46 16 25 37 4 12 
12 38 19 6 27 33 9 46 3 23 43 15 
20 30 39 48 42 45 23 2 36 5 10 27 
40 22 37 26 32 11 29 6 18 1 14 46 
24 40 30 33 27 15 48 8 43 37 20 1 
26 34 15 43 2 29 12 37 18 6 9 47 
17 30 25 1 33 8 21 39 13 42 5 47 
46 42 24 2 5 35 9 21 30 16 12 39 
39 4 1 26 16 48 30 20 43 13 36 23 
30 23 3 20 13 45 27 33 17 48 41 8 
20 42 39 13 31 28 2 9 24 46 36 6 
18 48 30 10 33 44 2 37 14 6 24 40 
44 31 48 6 34 41 28 17 21 24 38 3 
2 48 40 36 16 29 9 22 44 19 26 13 
4 7 11 18 43 1 48 31 36 14 26 39 
43 36 15 2 24 33 9 12 6 29 48 21 
43 13 22 36 8 19 4 26 1 16 48 33 
20 16 31 25 13 1 36 43 28 40 8 4 
48 18 27 36 7 14 33 11 24 39 43 4 
39 36 17 47 10 44 5 2 31 27 14 22 
35 17 38 25 41 45 9 28 32 3 20 14 
12 44 47 4 35 18 29 9 24 15 32 39 
13 34 25 29 37 16 45 6 41 22 10 3 
18 48 15 21 3 44 27 35 11 24 41 38 
19 42 4 46 34 27 38 14 1 8 11 30 
48 3 24 37 30 44 41 6 27 9 34 17 
47 11 29 32 35 24 14 3 17 39 6 42 
33 27 14 39 17 46 21 11 3 30 43 6 
8 14 37 11 4 43 31 18 28 1 48 40 
28 38 2 44 32 35 15 19 9 47 25 22 
20 2 26 39 33 36 17 29 42 10 23 5 
31 12 26 36 6 40 1 47 19 44 9 23 
25 22 14 42 4 32 7 48 35 39 17 29 
2 15 33 20 8 44 26 23 41 30 11 36 
35 2 17 24 28 14 31 10 40 6 47 21 
37 2 41 5 46 9 34 28 13 19 31 25 
36 33 40 8 22 46 11 19 25 4 43 30 
24 21 5 40 35 8 32 43 13 1 17 48 
43 39 21 48 13 24 18 6 9 1 34 27 
28 23 4 40 33 12 44 48 1 37 8 20 
31 45 27 35 42 3 10 14 7 20 39 17 
31 22 8 38 35 13 44 17 48 2 25 5 
15 12 27 6 33 46 37 30 1 40 20 9 
10 12 3 27 18 32 10 46 29 45 19 7 
13 46 45 39 25 45 4 30 20 33 20 9 
8 2 12 6 13 28 3 43 15 31 5 30 
28 36 13 44 40 2 33 29 20 7 18 29 
15 28 6 16 1 44 24 34 14 20 19 33 
31 21 11 47 46 36 17 45 34 36 1 4 
28 42 35 45 27 43 29 1 39 26 27 18 
37 24 6 15 27 34 19 20 25 30 44 37 
46 3 26 3 20 21 46 20 45 16 44 33 
16 20 47 25 46 48 22 4 7 32 10 45 
24 8 3 6 48 10 44 9 38 48 31 35 
40 19 25 36 45 1 39 28 10 35 43 18 
14 44 15 32 35 46 23 22 1 10 7 12 
39 48 16 25 22 12 24 1 1 9 47 36 
48 15 16 19 40 4 6 40 43 24 25 25 
33 13 28 37 48 48 34 7 27 46 27 28 
22 22 4 37 7 47 23 8 23 2 37 31 
29 23 10 10 33 34 37 23 37 8 17 38 
43 45 8 8 44 15 41 10 23 35 12 19 
7 8 3 45 19 28 14 43 23 23 1 33 
1 35 37 12 45 14 17 14 20 7 45 7 
4 32 37 39 14 14 22 4 15 11 25 41 
19 34 21 40 7 4 16 13 14 5 9 37 
21 32 24 12 34 22 17 38 6 9 27 29 
18 13 37 21 19 41 1 40 48 23 9 40 
1 48 2 44 37 35 20 16 47 26 6 44 
41 35 11 27 34 29 20 8 33 12 23 10 
20 46 14 36 16 31 31 37 18 35 16 1 
28 24 47 19 20 31 20 7 14 24 17 24 
16 19 35 11 45 42 34 3 30 36 14 48 
38 5 2 14 45 4 43 41 27 30 40 40 
36 47 27 30 34 13 25 39 46 38 35 1 
40 33 28 10 14 23 16 38 24 11 12 37 
18 33 1 19 17 2 26 44 37 24 43 6 
11 12 43 47 19 8 31 24 42 26 39 15 
9 14 22 45 6 34 2 48 26 41 32 31 
15 9 27 20 17 31 21 41 44 16 33 47 
36 21 29 44 8 31 44 1 1 11 16 27 
15 19 16 12 41 18 46 6 25 8 47 4 
15 4 11 32 43 7 15 27 46 16 41 5 
45 15 7 21 11 12 12 25 39 8 29 11 
13 10 12 1 43 28 31 14 19 26 10 46 
35 17 39 23 41 3 43 9 47 19 29 44 
28 47 24 7 18 12 10 1 44 41 5 37 
10 18 37 23 24 14 5 26 12 8 24 10 
17 26 1 6 16 3 41 1 9 28 3 45 
18 21 41 39 38 37 16 16 30 38 22 43 
14 22 11 23 23 28 34 40 28 4 28 15 
48 15 26 6 33 23 9 20 41 27 33 32 
10 27 4 8 6 16 40 38 26 29 40 31 
4 25 33 18 41 30 30 13 8 42 42 25 
7 16 35 27 36 26 33 25 30 16 6 23 
35 30 32 11 46 6 42 24 34 32 48 41 
10 35 25 34 5 41 38 43 26 17 35 1 
7 11 43 35 42 15 40 39 13 32 35 22 
23 19 45 47 21 33 42 33 13 26 1 38 
30 30 38 43 46 44 28 44 43 16 36 18 
5 36 3 22 22 5 16 20 27 25 42 16 
7 34 3 3 5 38 21 13 24 20 15 21 
18 28 3 1 31 7 25 14 6 31 21 40 
8 23 7 25 11 20 33 37 13 38 45 25 
13 12 21 15 40 42 4 10 24 23 7 23 
41 32 14 34 19 4 6 40 19 18 37 44 
45 38 21 27 32 38 3 18 40 12 43 6 
35 33 27 35 16 12 46 38 9 8 5 16 
8 40 37 17 1 44 45 15 5 33 29 42 
13 37 44 1 44 40 20 41 38 9 20 22 
18 18 41 35 16 39 44 26 37 45 22 25 
10 47 33 45 2 37 12 15 39 48 21 7 
26 10 15 1 4 3 36 33 43 40 7 10 
39 12 16 30 12 3 4 5 27 31 20 32 
1 26 2 5 10 22 17 43 20 4 35 15 
14 23 13 27 22 32 46 18 9 47 4 28 
27 32 45 22 4 29 5 15 19 7 40 26 
21 29 15 34 21 37 42 5 30 43 28 41 
45 14 35 42 35 48 1 45 16 32 6 27 
13 38 6 19 40 2 28 13 37 11 4 46 
45 37 13 19 46 32 35 14 25 40 22 21 
1 34 37 41 36 44 41 41 3 30 5 12 
47 10 15 2 40 48 26 45 6 47 6 12 
42 12 33 7 38 39 2 9 35 9 27 3 
14 36 25 18 31 4 16 24 34 15 33 14 
32 16 14 41 47 35 6 9 43 34 38 21 
29 39 28 37 41 14 47 40 29 41 5 5 
8 41 12 18 19 1 19 17 27 41 39 18 
28 7 27 16 15 42 41 21 23 29 30 31 
11 5 27 34 36 36 7 30 27 18 47 44 
23 38 13 47 39 28 8 28 18 6 24 18 
46 16 41 41 21 10 11 29 4 1 36 11 
21 6 11 14 21 37 9 6 34 13 14 11 
23 38 41 23 6 20 17 4 4 18 1 12 
9 6 30 14 27 9 15 14 13 33 40 44 
20 36 27 3 24 5 19 19 37 48 47 22 
11 9 31 40 23 36 33 45 27 14 45 45 
42 31 40 45 6 46 3 19 27 2 36 13 
10 31 36 41 47 25 45 46 14 34 32 26 
32 21 15 29 24 17 33 4 8 20 10 6 
15 4 34 8 33 4 37 12 22 33 37 18 
14 14 25 20 45 46 10 2 40 22 11 31 
19 20 44 19 39 25 35 8 47 2 25 36 
