1000
7 22 4 18 10 15 
11 1 21 24 7 17 
22 4 19 16 1 10 
19 14 3 7 23 10 
2 22 19 6 15 9 
1 16 11 4 8 23 
16 7 1 24 21 10 
3 21 17 7 14 11 
13 5 19 16 8 23 
18 24 1 4 12 15 
24 4 8 14 11 18 
20 11 14 17 8 2 
2 13 23 6 10 20 
19 1 9 16 6 23 
7 4 17 12 1 24 
5 18 12 24 9 1 
1 10 19 6 16 13 
20 23 4 11 17 1 
8 15 5 24 2 12 
10 4 1 19 14 24 
15 10 24 5 19 1 
22 19 3 9 6 15 
21 10 2 17 7 13 
6 3 11 24 17 20 
10 20 1 16 5 13 
5 20 24 8 14 11 
12 19 7 2 22 16 
14 5 22 10 2 19 
4 19 12 1 24 7 
24 14 5 8 2 18 
11 3 6 22 14 19 
8 22 2 16 11 5 
15 4 9 24 18 12 
15 5 19 2 23 9 
9 1 13 21 4 18 
7 20 4 1 14 11 
11 22 4 7 15 1 
9 4 15 1 24 20 
20 10 7 4 1 13 
4 19 16 23 7 1 
1 17 14 5 8 11 
10 2 24 17 5 13 
8 4 24 15 12 20 
1 22 19 5 13 9 
8 1 16 4 23 20 
10 7 18 21 24 15 
13 21 5 17 1 24 
12 17 20 9 6 2 
20 17 6 2 14 10 
4 1 18 7 10 14 
24 9 20 5 12 1 
22 5 2 9 14 19 
6 24 12 1 18 15 
18 21 15 2 11 8 
11 22 2 14 6 17 
15 11 23 20 5 1 
13 18 9 21 4 24 
10 4 19 1 16 13 
8 13 24 5 19 1 
18 4 14 11 7 21 
10 24 15 7 21 3 
14 7 17 3 24 21 
18 22 15 10 7 4 
17 11 24 1 21 14 
13 19 7 1 10 22 
18 14 21 1 10 7 
2 17 10 7 14 22 
24 9 1 17 12 5 
4 13 1 19 22 16 
5 2 20 13 23 17 
18 8 22 1 4 13 
11 2 17 20 5 24 
1 19 9 24 5 16 
9 15 23 2 20 12 
7 4 17 14 20 24 
16 1 10 22 13 7 
20 6 17 14 9 3 
22 5 14 18 9 2 
23 4 19 1 16 9 
2 15 8 24 21 11 
23 12 1 7 20 16 
13 1 5 24 9 21 
20 23 12 1 15 6 
24 11 5 20 14 1 
13 1 8 4 24 20 
19 9 13 16 2 24 
15 24 10 20 7 1 
4 1 8 15 24 19 
3 23 10 19 13 6 
5 21 1 8 24 11 
11 8 14 23 20 5 
12 7 3 15 24 19 
2 13 8 19 5 16 
7 10 21 24 3 15 
1 18 7 12 24 21 
4 22 7 1 17 13 
23 2 6 15 12 20 
10 2 24 14 21 17 
11 8 22 4 17 14 
1 9 14 20 5 23 
10 23 4 7 19 15 
17 23 13 1 20 10 
4 15 19 12 22 1 
8 14 22 17 11 3 
20 5 16 1 8 23 
17 23 5 9 1 13 
2 6 16 21 13 10 
23 18 6 3 9 12 
10 24 16 13 7 4 
6 2 13 24 10 18 
11 18 8 22 1 14 
6 21 12 2 24 16 
18 8 14 24 1 4 
20 5 11 23 1 8 
16 9 1 22 6 13 
8 1 5 24 17 13 
2 12 16 21 8 5 
16 1 12 21 8 5 
15 21 24 12 18 7 
15 23 20 8 12 2 
9 21 6 24 2 12 
4 11 1 24 8 16 
13 1 16 5 24 19 
21 24 9 17 3 14 
1 4 9 16 19 23 
17 9 21 2 13 6 
11 23 15 7 18 1 
6 21 17 14 11 24 
10 15 18 21 5 2 
24 11 17 4 21 7 
3 6 12 9 16 22 
12 9 24 21 6 3 
20 5 12 15 23 2 
23 2 16 6 12 20 
18 1 13 24 10 5 
4 17 9 1 24 12 
6 23 3 10 15 18 
20 1 4 23 7 15 
5 17 14 20 9 24 
22 9 13 2 5 16 
13 24 5 9 19 16 
12 4 1 15 20 9 
21 11 24 5 16 2 
12 24 18 4 9 15 
16 24 20 12 4 1 
23 13 10 3 19 16 
17 1 14 4 22 11 
5 8 19 13 16 24 
16 20 3 24 12 9 
13 17 2 10 5 23 
2 13 10 22 6 18 
1 23 18 4 13 7 
12 22 16 19 3 7 
21 1 5 18 15 10 
6 17 22 9 12 1 
6 3 24 16 13 9 
23 12 9 20 15 3 
9 16 5 22 13 2 
20 10 7 16 24 13 
8 2 5 24 19 11 
5 20 9 1 24 16 
24 18 13 8 4 21 
11 2 20 6 23 14 
14 2 20 17 8 11 
12 5 8 17 24 20 
12 18 24 7 15 2 
10 15 18 23 5 1 
9 16 1 23 6 13 
20 23 6 3 13 16 
4 1 23 10 20 14 
24 1 4 21 8 11 
3 15 18 23 11 6 
10 6 2 13 24 19 
2 13 10 6 20 16 
16 1 6 24 11 19 
16 5 19 1 8 13 
14 23 1 6 9 18 
16 1 7 13 4 10 
10 19 4 1 7 23 
1 24 15 5 21 18 
4 24 10 13 20 1 
16 7 19 23 10 3 
6 2 23 16 20 10 
18 3 10 6 23 15 
1 17 14 9 24 20 
16 11 8 22 1 4 
24 5 15 12 1 8 
21 16 4 10 1 24 
1 10 18 14 6 21 
16 20 11 8 3 24 
19 8 4 1 24 11 
3 11 15 19 22 7 
7 1 11 21 17 4 
24 4 20 7 16 13 
9 13 22 16 19 1 
24 5 9 12 20 16 
21 15 2 10 24 6 
14 17 20 10 2 7 
2 21 14 17 24 8 
19 1 9 4 13 24 
9 6 20 17 13 3 
6 24 16 3 13 10 
24 9 12 17 3 6 
23 1 9 12 17 20 
8 13 17 1 20 4 
1 15 23 12 4 9 
2 9 24 12 17 5 
13 4 24 8 21 16 
1 24 17 4 12 20 
20 16 13 6 1 10 
7 24 11 15 19 4 
2 14 17 9 20 24 
14 17 5 23 9 1 
2 24 10 7 14 17 
22 18 1 9 6 14 
16 23 19 5 2 12 
23 13 1 6 16 10 
17 1 20 23 8 14 
7 20 10 1 15 23 
17 1 14 20 9 24 
22 14 9 18 6 3 
13 7 10 2 18 23 
23 9 6 15 12 2 
13 10 2 5 16 22 
9 23 19 16 2 6 
13 7 10 2 23 19 
1 17 20 10 5 23 
4 7 20 17 14 1 
1 13 21 18 7 10 
6 2 13 9 20 24 
5 24 1 18 21 14 
1 8 19 12 4 15 
5 20 24 15 9 1 
23 6 10 17 13 1 
1 13 18 23 10 6 
23 17 4 12 7 20 
1 4 7 17 24 20 
15 12 8 1 5 18 
9 12 23 2 20 6 
3 9 20 16 6 13 
14 19 4 9 1 23 
11 1 24 14 4 8 
2 5 9 24 17 20 
17 7 20 14 23 4 
3 14 11 24 17 20 
8 1 24 12 4 18 
4 8 1 20 23 17 
9 18 21 5 1 13 
14 2 7 24 18 10 
13 5 9 18 21 24 
8 11 20 24 3 17 
1 21 4 15 24 7 
2 17 22 10 14 5 
17 12 6 3 9 24 
5 2 16 8 12 21 
13 1 23 10 6 16 
1 18 4 15 9 24 
24 9 14 4 19 1 
20 11 4 24 14 8 
21 24 11 14 4 7 
1 24 8 14 18 11 
2 10 20 15 5 23 
13 6 19 1 9 23 
19 3 15 12 6 23 
24 12 9 20 15 6 
13 8 23 4 1 20 
3 19 24 16 7 12 
3 24 18 10 15 6 
4 14 24 17 7 20 
10 16 5 2 19 23 
5 8 23 13 16 20 
13 24 6 17 20 1 
6 23 10 18 3 13 
8 22 1 17 14 4 
2 17 21 13 7 10 
8 17 24 5 2 14 
2 20 8 13 16 24 
24 7 10 21 2 14 
22 14 5 17 1 11 
21 14 1 8 24 17 
21 24 18 5 9 1 
13 1 10 24 5 16 
24 2 21 14 6 11 
4 1 14 8 24 20 
22 7 1 18 4 14 
2 17 20 5 12 23 
1 9 13 16 22 6 
1 19 24 5 9 16 
23 20 5 11 1 15 
10 6 3 14 23 20 
1 17 4 24 9 12 
17 5 14 11 20 2 
17 12 24 9 2 5 
22 7 13 16 4 10 
1 15 4 18 23 7 
12 24 9 1 20 17 
5 9 24 16 2 21 
20 1 24 16 9 4 
23 11 3 7 20 14 
20 23 6 12 16 1 
10 1 4 21 7 15 
10 1 23 19 14 4 
12 4 7 22 1 16 
18 13 1 21 6 10 
2 22 11 14 7 19 
15 18 23 3 8 11 
21 5 2 12 16 24 
1 10 20 23 15 7 
24 8 12 4 1 16 
9 3 12 6 16 22 
9 13 5 22 1 17 
13 18 4 24 8 1 
1 16 4 8 21 24 
16 9 3 6 13 24 
5 24 11 2 18 15 
6 24 17 11 20 1 
22 2 14 5 10 19 
6 24 9 15 18 1 
9 20 16 4 24 1 
18 15 4 12 1 23 
23 20 11 1 4 14 
3 12 20 17 7 23 
15 8 24 18 3 11 
17 24 7 12 4 21 
16 21 24 9 3 6 
8 21 24 5 1 17 
13 9 1 16 23 20 
16 11 20 8 24 1 
23 11 20 8 1 16 
24 13 10 2 6 21 
9 6 22 16 3 19 
18 11 8 15 1 4 
3 18 6 9 24 13 
2 23 8 13 20 16 
15 6 2 20 11 24 
9 14 19 23 6 1 
11 21 17 8 5 1 
2 17 5 12 20 24 
15 21 7 11 18 3 
6 21 17 9 13 2 
23 1 16 9 4 19 
2 10 7 24 16 13 
4 24 1 17 8 11 
7 18 21 3 15 12 
12 16 2 7 23 20 
24 12 15 21 8 1 
3 13 19 6 23 9 
14 1 21 5 24 10 
1 11 7 22 18 15 
1 8 17 24 5 13 
6 2 19 23 15 12 
19 23 4 1 9 13 
22 5 13 19 16 9 
12 9 17 5 24 21 
1 12 5 8 19 23 
10 13 17 23 4 20 
4 11 1 14 24 18 
18 3 22 7 15 11 
1 22 14 11 4 17 
20 3 8 11 17 14 
17 24 4 12 21 9 
10 5 19 2 13 16 
17 11 23 8 1 4 
18 11 5 23 1 8 
10 5 14 2 20 23 
5 24 1 12 18 21 
20 17 7 13 1 10 
10 7 13 2 16 22 
2 13 17 24 5 20 
3 7 18 24 14 21 
20 1 24 12 17 9 
1 19 6 24 9 12 
5 14 17 10 23 2 
2 16 24 13 20 6 
16 12 8 20 2 24 
20 11 5 23 17 14 
8 20 15 5 2 11 
17 9 13 4 23 20 
24 20 11 1 8 17 
10 24 4 7 1 16 
8 11 2 15 18 23 
20 17 3 6 14 11 
1 17 9 6 21 12 
6 22 16 11 2 19 
16 12 22 6 9 19 
16 7 24 1 4 20 
20 12 16 24 2 5 
8 20 2 5 15 24 
13 9 3 6 16 19 
20 7 16 4 10 23 
7 24 14 3 10 21 
19 16 9 2 23 12 
15 4 12 22 1 7 
13 20 10 5 2 23 
1 19 23 6 12 16 
11 24 6 3 18 14 
10 13 7 22 18 3 
3 6 17 23 9 20 
6 24 21 16 12 1 
17 2 23 8 14 11 
1 10 14 24 5 19 
8 11 18 4 24 21 
24 1 7 4 16 10 
11 5 19 8 24 14 
18 8 24 14 11 2 
24 6 10 18 1 15 
1 17 6 24 9 21 
24 7 16 12 20 3 
4 10 19 7 24 13 
11 8 5 18 2 24 
3 24 18 21 6 14 
23 2 18 11 8 14 
1 16 4 13 10 21 
12 4 22 19 15 7 
14 18 24 4 1 10 
14 2 17 20 9 23 
16 10 7 21 24 1 
9 5 1 16 12 24 
20 14 11 6 23 17 
20 24 17 4 12 7 
24 20 1 5 10 14 
17 23 6 9 14 2 
5 8 11 16 1 23 
6 2 9 24 21 18 
14 24 11 17 7 20 
11 2 19 15 24 6 
1 20 6 17 23 13 
22 8 13 1 17 4 
12 18 6 2 15 23 
24 1 4 11 7 18 
18 6 12 23 3 15 
1 9 17 13 4 22 
12 21 7 4 1 15 
12 3 19 16 24 8 
1 16 7 13 19 24 
14 24 9 18 6 3 
6 9 2 12 24 15 
1 23 12 4 18 7 
6 24 17 13 20 2 
9 17 6 20 2 12 
1 23 5 9 20 13 
24 4 15 19 12 1 
17 7 10 1 21 14 
11 20 23 17 5 1 
2 15 18 5 10 22 
14 17 5 1 20 11 
8 20 13 1 4 17 
3 6 17 14 20 11 
8 1 12 20 17 4 
15 18 21 1 10 7 
1 16 20 4 23 10 
20 23 15 8 5 11 
20 16 11 7 4 24 
3 22 10 15 7 19 
2 7 21 24 13 16 
10 7 15 4 19 1 
4 18 24 15 11 8 
21 13 1 7 10 4 
12 2 24 15 7 19 
4 12 15 1 7 21 
20 13 5 2 9 23 
20 17 3 6 13 24 
3 24 6 12 9 15 
7 16 3 24 21 13 
1 13 24 5 9 21 
24 8 2 17 20 14 
20 2 6 14 24 10 
10 23 16 2 6 19 
12 9 20 15 5 23 
9 6 16 2 12 24 
17 14 10 3 7 20 
4 20 10 16 23 13 
15 1 5 24 21 10 
16 19 7 12 22 2 
8 1 24 5 21 14 
6 21 1 10 13 24 
24 8 2 20 11 16 
14 17 5 9 21 1 
13 21 8 18 2 24 
23 7 11 2 14 18 
18 3 24 11 14 7 
21 1 17 5 9 24 
13 10 16 19 4 7 
14 18 24 10 7 3 
8 12 24 19 3 15 
6 9 24 15 2 21 
23 1 9 5 13 20 
8 12 1 5 24 17 
6 15 1 11 20 23 
19 7 12 15 24 4 
2 10 24 6 15 20 
12 9 1 17 5 24 
21 7 17 1 14 10 
5 24 17 10 2 21 
6 21 17 2 24 13 
15 7 23 20 12 1 
9 6 24 3 13 20 
19 13 23 1 10 16 
6 24 9 21 12 3 
14 21 10 2 7 24 
9 18 13 6 3 22 
12 1 6 21 9 18 
1 12 7 4 20 17 
11 23 20 8 3 16 
19 14 22 11 6 2 
16 20 23 9 13 4 
20 14 24 11 1 5 
9 1 16 5 20 24 
14 23 5 20 1 9 
6 14 18 3 9 24 
2 20 10 23 5 13 
4 1 15 18 24 21 
15 12 8 4 18 23 
6 9 18 21 15 2 
9 16 12 21 3 24 
8 11 24 5 2 21 
23 15 12 5 1 20 
5 10 18 24 21 13 
11 2 15 18 7 21 
2 18 9 21 12 24 
14 9 18 24 4 1 
3 9 16 19 22 12 
11 23 5 2 18 14 
22 5 8 11 15 19 
12 16 9 5 2 20 
15 2 8 19 24 5 
19 6 22 16 3 11 
6 23 17 9 1 13 
12 7 16 24 3 20 
15 1 18 24 4 12 
18 23 1 4 12 8 
18 15 24 1 12 6 
8 5 1 20 24 12 
12 9 3 17 24 20 
11 8 23 19 2 16 
5 15 23 1 18 12 
24 3 15 20 11 8 
11 23 8 16 19 3 
10 22 1 17 5 14 
15 12 18 21 4 1 
17 21 13 1 10 24 
24 7 10 17 14 4 
14 23 10 7 18 3 
11 4 23 20 8 15 
22 19 3 6 14 10 
17 24 12 20 3 8 
20 17 8 24 12 2 
10 19 2 23 15 7 
17 20 7 24 13 1 
16 7 10 13 23 3 
21 18 1 10 7 15 
4 17 7 24 1 12 
23 1 12 7 19 16 
15 7 23 12 20 1 
24 20 17 13 5 10 
20 8 17 5 14 23 
12 17 21 5 24 2 
22 8 18 1 4 12 
15 24 21 18 11 6 
12 17 9 21 5 2 
14 17 23 7 10 3 
17 13 9 22 1 6 
9 24 13 20 3 16 
11 24 3 21 14 7 
19 6 23 9 12 2 
2 15 23 18 5 10 
17 23 9 2 6 20 
13 16 20 24 8 2 
1 7 4 14 23 10 
22 13 1 7 18 4 
17 12 5 24 1 21 
16 9 24 20 12 3 
24 13 1 10 16 7 
24 13 20 10 17 4 
13 18 8 1 21 5 
13 20 17 3 10 24 
23 7 1 12 20 15 
1 15 9 22 4 12 
18 6 9 14 24 2 
5 23 12 20 17 1 
5 8 24 14 11 19 
16 8 24 13 21 3 
15 11 23 8 18 5 
19 10 15 1 22 6 
13 1 5 24 20 16 
24 7 21 14 4 17 
12 21 16 9 6 3 
13 17 8 20 1 23 
5 1 24 11 8 16 
11 4 24 17 1 20 
1 23 8 11 17 20 
17 1 14 24 20 10 
5 8 11 24 1 19 
13 10 24 4 7 17 
4 18 24 9 21 13 
5 13 18 10 2 22 
1 9 12 6 20 24 
15 7 24 18 4 11 
9 14 1 4 19 22 
11 1 14 18 22 4 
17 21 1 10 7 24 
9 16 3 21 24 12 
10 24 4 15 7 1 
16 11 8 5 21 2 
11 17 3 7 23 14 
7 18 21 10 1 14 
3 10 16 20 13 7 
12 23 8 15 18 4 
1 17 5 20 9 23 
3 13 24 7 19 10 
24 10 5 1 15 21 
24 21 8 13 5 1 
12 22 18 2 5 8 
6 24 12 20 17 2 
1 10 15 4 24 21 
21 2 17 5 11 14 
23 1 19 4 12 16 
13 19 6 24 16 10 
2 10 7 16 23 13 
19 24 11 5 8 15 
18 15 22 12 7 1 
19 23 2 13 5 8 
15 12 2 20 6 23 
11 3 18 15 6 24 
1 4 16 22 19 9 
9 16 6 2 12 22 
18 9 21 12 1 5 
10 17 24 21 3 6 
12 4 21 9 18 15 
14 17 6 1 10 24 
3 11 15 19 24 6 
6 13 20 17 23 3 
20 1 5 13 24 16 
18 1 5 21 14 24 
2 11 20 23 8 15 
5 16 19 23 1 11 
18 4 22 1 9 13 
5 12 21 1 17 9 
6 19 15 22 11 1 
4 1 8 16 13 23 
23 19 1 9 5 16 
3 23 12 17 20 9 
14 10 17 1 7 24 
20 11 15 1 8 4 
13 21 3 10 17 6 
24 12 9 5 16 20 
22 14 11 2 7 18 
21 24 1 6 11 17 
4 15 18 23 10 7 
21 10 24 3 18 7 
12 20 24 8 4 1 
14 24 10 18 1 6 
4 10 7 23 14 19 
4 24 12 20 15 8 
5 9 20 2 13 23 
14 9 6 23 1 20 
11 17 4 1 14 7 
23 20 16 2 5 11 
18 9 6 1 24 14 
19 13 16 8 23 5 
14 9 17 20 1 6 
1 4 12 20 17 23 
17 21 1 10 4 14 
13 1 23 18 4 10 
24 5 21 2 14 11 
1 20 7 10 16 24 
2 6 12 24 16 19 
9 24 14 21 4 18 
9 5 17 23 20 12 
1 7 4 16 23 19 
24 1 8 18 13 4 
9 6 16 21 12 3 
7 20 17 4 1 14 
2 14 17 5 11 21 
5 10 18 2 15 22 
1 18 11 14 23 7 
6 22 10 13 19 16 
24 13 21 4 16 9 
17 23 5 8 14 1 
21 3 18 13 7 24 
24 20 1 4 17 12 
10 21 5 15 1 18 
10 17 3 6 14 20 
24 7 10 20 1 16 
17 24 8 2 21 12 
21 24 18 1 5 9 
10 13 22 3 7 16 
17 6 3 22 14 9 
20 6 1 23 15 11 
15 20 10 5 24 1 
6 11 16 2 20 23 
10 16 2 7 21 24 
6 16 9 2 13 23 
14 6 24 20 2 11 
5 18 1 14 22 10 
23 20 7 2 14 17 
7 10 24 17 13 1 
15 22 3 6 10 19 
13 1 17 4 9 23 
20 2 17 24 5 11 
13 7 10 16 2 23 
24 21 4 7 11 17 
12 23 5 20 2 16 
1 4 17 14 24 20 
4 20 7 17 24 11 
11 4 17 23 7 14 
7 13 23 1 4 16 
10 7 1 22 4 13 
13 23 9 5 20 1 
2 14 6 20 9 17 
21 24 5 9 16 2 
17 2 11 6 14 22 
2 9 16 22 13 5 
23 20 3 9 6 13 
5 24 12 9 2 21 
10 21 18 13 7 1 
16 23 20 1 11 7 
4 24 9 13 1 20 
6 19 1 12 24 16 
15 8 2 5 12 22 
10 21 18 7 14 2 
24 6 3 16 11 21 
12 18 6 2 9 24 
19 15 3 8 12 23 
6 21 13 2 9 24 
1 10 13 16 4 21 
24 5 1 16 21 10 
17 20 12 7 24 2 
14 5 1 17 21 10 
18 5 12 15 8 21 
5 1 17 13 24 9 
21 7 14 17 4 10 
15 3 20 9 23 12 
9 4 21 12 24 1 
6 1 22 16 19 12 
21 14 5 10 1 17 
13 20 16 5 10 24 
3 24 21 13 8 16 
6 23 3 9 12 15 
17 1 22 5 8 11 
9 4 15 24 12 1 
23 20 2 12 7 16 
9 1 17 6 21 13 
2 16 13 7 19 24 
6 13 23 9 2 16 
21 12 18 1 5 15 
21 16 10 13 4 1 
22 4 1 10 14 7 
11 17 5 20 14 2 
22 12 15 18 9 6 
17 3 14 21 10 7 
22 1 11 4 8 19 
20 16 1 5 12 8 
12 2 5 8 18 15 
5 23 13 2 9 17 
22 6 14 19 1 11 
22 19 4 13 7 10 
14 9 6 24 17 2 
18 15 21 10 2 6 
23 10 1 14 4 17 
23 1 15 11 6 20 
13 24 4 8 1 16 
11 16 4 7 20 24 
20 1 4 8 16 11 
4 23 14 17 7 10 
23 18 15 8 4 11 
8 5 11 1 22 19 
5 8 22 15 1 12 
13 16 8 5 1 21 
10 2 13 16 5 24 
19 5 13 23 16 9 
2 13 17 23 20 5 
1 14 4 22 19 10 
18 12 15 2 21 5 
9 4 19 16 1 12 
15 23 20 12 9 6 
14 11 17 24 21 4 
8 14 1 18 11 4 
24 7 21 10 4 16 
10 13 20 23 5 2 
2 13 24 21 16 7 
13 18 1 24 21 7 
7 22 14 1 10 4 
9 20 16 13 24 4 
20 2 23 5 10 15 
11 23 2 20 15 5 
9 12 3 18 24 15 
5 9 20 14 1 17 
20 17 14 2 7 23 
24 21 11 14 2 18 
1 13 10 4 23 16 
18 1 7 13 21 24 
13 8 1 22 19 5 
6 21 17 12 3 9 
11 23 17 14 8 4 
18 6 24 15 21 1 
16 1 19 4 24 7 
14 20 9 2 24 6 
14 6 21 24 10 1 
14 20 6 9 1 23 
4 13 23 1 20 9 
1 21 8 18 5 24 
2 24 7 20 14 10 
23 4 13 7 20 1 
16 12 4 7 21 1 
8 4 11 15 1 23 
18 13 2 9 21 24 
8 23 4 19 13 1 
24 1 12 15 20 4 
23 10 13 3 7 16 
5 2 21 9 12 17 
16 23 20 4 13 8 
13 23 10 18 3 7 
14 6 10 17 3 22 
4 9 15 12 18 22 
2 9 24 5 21 15 
1 18 21 8 4 24 
21 5 24 9 2 14 
24 20 1 13 9 17 
21 16 13 24 1 7 
14 21 6 10 18 2 
16 4 1 9 19 13 
1 24 17 8 21 12 
16 8 5 2 19 11 
1 14 23 17 8 11 
5 12 2 24 16 20 
17 14 20 1 11 8 
2 10 23 5 19 16 
21 11 3 8 24 14 
16 11 21 3 7 24 
24 14 11 6 17 3 
24 4 15 1 18 12 
5 2 17 9 12 21 
16 19 11 3 24 7 
17 6 3 20 23 11 
9 22 14 18 2 6 
5 13 10 1 20 16 
8 12 1 4 20 24 
2 11 23 5 20 16 
12 21 9 6 24 15 
7 14 10 18 2 22 
2 17 5 21 14 9 
19 1 7 4 13 22 
6 21 10 2 18 13 
2 24 20 5 10 17 
6 24 16 20 2 13 
5 21 10 13 24 2 
9 15 12 2 20 6 
24 2 9 5 20 14 
5 8 20 1 16 12 
4 22 16 8 11 1 
4 11 14 21 17 7 
13 8 2 19 22 5 
19 11 23 7 1 15 
2 21 14 11 18 24 
1 4 14 10 21 7 
16 20 3 24 9 13 
20 15 12 24 9 3 
20 11 24 4 7 1 
6 10 1 20 23 16 
23 16 4 19 1 10 
1 21 5 16 12 24 
6 19 2 16 22 11 
1 16 23 9 6 20 
22 19 14 10 7 1 
1 18 15 4 12 7 
20 4 9 12 17 1 
24 6 13 3 16 10 
14 1 17 4 22 8 
10 7 4 1 15 24 
12 2 17 9 6 24 
6 10 17 3 21 24 
2 10 14 17 23 7 
7 23 10 16 2 13 
6 14 11 17 20 24 
23 5 10 15 1 20 
23 13 3 7 17 10 
6 21 18 14 24 9 
16 24 9 4 19 12 
2 9 6 16 24 21 
23 3 12 19 9 6 
21 13 2 7 17 24 
20 1 5 16 12 23 
16 8 23 19 11 4 
6 21 12 15 9 24 
15 2 5 18 24 10 
18 8 22 1 11 15 
5 8 14 20 11 2 
17 20 24 9 1 4 
11 17 3 21 24 6 
12 5 8 17 20 1 
21 12 2 5 24 15 
2 10 24 13 17 5 
11 23 16 8 19 4 
5 2 18 24 12 21 
12 18 15 24 2 5 
21 11 2 8 15 18 
1 4 21 14 8 18 
10 21 13 6 17 3 
7 13 24 21 2 18 
13 6 24 18 9 2 
9 1 23 6 16 20 
8 1 5 15 20 11 
13 23 10 1 20 7 
2 18 12 9 15 6 
21 18 24 12 9 4 
15 18 21 11 4 1 
4 20 15 10 7 1 
1 17 22 5 8 12 
5 13 24 10 17 20 
16 19 4 24 10 7 
16 3 6 24 13 10 
23 15 12 19 3 8 
10 6 24 21 3 18 
4 11 8 22 19 15 
24 21 18 2 9 6 
22 1 14 5 11 8 
18 22 1 11 15 5 
16 1 11 8 19 4 
21 18 2 14 6 24 
2 22 5 19 11 8 
18 9 24 14 4 21 
15 12 8 5 24 1 
23 6 15 20 11 1 
6 16 13 1 24 19 
4 8 22 19 11 16 
10 14 4 7 17 24 
9 23 12 2 20 6 
5 12 23 2 9 20 
14 23 20 3 17 9 
9 24 4 12 16 1 
6 14 22 17 2 9 
18 15 24 1 6 9 
19 6 12 1 22 15 
22 11 2 8 19 14 
3 19 24 6 15 11 
2 20 9 6 23 15 
12 1 23 5 15 19 
7 10 3 19 14 22 
16 9 12 23 20 1 
6 10 3 16 23 20 
16 9 24 20 1 4 
3 24 19 16 10 7 
9 3 18 21 15 12 
9 16 19 12 6 3 
24 3 10 16 20 7 
17 10 22 14 5 1 
9 23 3 15 6 12 
1 6 14 9 20 17 
5 23 18 14 8 1 
1 21 5 18 9 12 
24 14 11 21 1 18 
13 19 16 23 7 3 
1 8 14 22 19 4 
10 18 14 1 23 4 
5 1 8 24 21 11 
24 3 21 14 18 9 
21 2 24 14 5 8 
19 8 1 13 22 16 
24 11 14 8 20 17 
14 24 10 18 3 6 
24 2 8 5 14 18 
11 24 19 15 5 2 
13 23 20 5 1 9 
12 21 4 18 24 8 
5 24 19 2 16 10 
4 14 23 19 1 7 
2 5 9 15 24 12 
15 6 20 24 12 9 
5 15 12 2 8 19 
20 1 9 24 15 12 
15 10 24 19 3 7 
8 12 24 2 20 17 
22 10 19 7 1 13 
5 16 2 24 9 21 
14 22 8 11 17 3 
24 7 17 11 14 1 
22 7 15 2 18 12 
11 3 8 24 21 14 
1 23 6 12 15 9 
23 1 7 4 17 10 
17 6 1 24 11 14 
24 17 5 13 20 9 
1 17 4 23 13 7 
20 16 23 12 1 8 
11 15 20 1 8 23 
17 9 20 24 5 14 
11 24 7 19 14 4 
24 21 10 17 13 4 
10 23 20 13 6 3 
4 1 19 23 16 10 
23 20 12 6 15 9 
3 17 11 6 14 22 
13 6 3 19 9 24 
24 11 5 8 2 20 
14 3 6 24 10 21 
7 14 19 1 10 24 
21 24 16 4 10 1 
24 18 14 7 21 11 
18 15 21 24 4 9 
20 10 17 5 8 10 
16 9 10 17 18 8 
3 8 17 5 11 14 
23 17 18 1 5 11 
13 3 24 22 2 22 
23 18 16 16 19 7 
8 4 8 20 17 6 
9 16 21 21 11 3 
1 6 5 22 18 22 
5 11 7 9 8 24 
20 5 3 2 16 3 
14 23 22 21 6 13 
12 19 7 5 5 21 
18 23 5 9 12 10 
5 19 5 10 10 3 
8 12 5 18 2 9 
6 19 23 21 7 4 
17 11 7 16 7 10 
2 1 1 3 13 3 
5 22 21 17 9 20 
1 15 14 8 24 20 
20 16 23 13 11 8 
10 2 18 13 19 18 
23 20 20 20 8 10 
9 16 19 6 1 10 
18 18 19 21 13 2 
24 4 6 11 9 19 
22 1 7 2 19 13 
2 12 24 20 15 1 
12 5 18 21 9 16 
4 15 17 13 18 21 
17 1 22 19 6 16 
4 2 6 15 13 3 
21 16 17 10 10 4 
2 10 15 17 6 3 
3 11 17 21 7 1 
8 11 15 20 17 3 
23 19 1 19 3 14 
7 3 24 9 19 20 
13 22 7 6 3 10 
8 22 4 16 18 1 
8 17 11 1 10 16 
7 13 15 17 7 23 
3 20 21 21 21 6 
22 8 6 15 5 2 
11 10 19 18 19 22 
6 14 19 21 16 16 
18 11 17 1 7 10 
8 15 5 5 22 14 
5 7 1 6 12 23 
11 11 14 4 15 15 
15 2 18 18 9 16 
11 19 16 11 15 11 
19 14 10 9 3 23 
16 4 4 1 14 23 
8 5 5 2 22 4 
8 19 7 12 2 19 
3 5 15 11 22 23 
15 1 5 4 21 17 
5 23 11 6 22 10 
18 4 1 14 5 2 
16 18 14 11 5 5 
24 6 19 14 16 8 
20 15 17 11 24 9 
21 11 23 18 18 14 
11 7 4 2 7 17 
5 11 20 24 8 12 
17 14 4 13 9 14 
1 18 19 23 12 10 
10 9 6 8 21 2 
7 20 1 2 15 3 
17 5 11 7 4 20 
16 18 23 19 9 22 
15 22 10 9 3 18 
17 20 11 10 17 22 
7 17 24 23 12 12 
8 10 21 17 21 4 
12 19 10 3 22 14 
3 9 1 10 20 21 
6 17 3 21 5 20 
24 11 3 3 23 22 
19 19 7 23 23 20 
17 3 9 14 5 8 
13 19 6 13 16 17 
16 15 12 24 12 7 
23 16 3 8 6 23 
21 6 22 2 21 23 
18 7 2 23 23 2 
20 22 17 16 10 2 
10 17 14 11 2 3 
20 15 4 17 9 20 
18 18 2 3 16 16 
9 8 13 3 17 20 
23 15 2 8 5 17 
9 9 9 3 2 18 
23 24 24 10 20 16 
13 11 14 5 3 7 
6 17 17 15 10 14 
18 2 14 7 7 20 
22 8 19 19 20 6 
9 7 1 9 12 20 
19 15 21 10 22 7 
23 16 11 1 4 2 
22 1 23 4 7 14 
23 13 14 3 4 18 
5 17 14 4 7 18 
10 10 2 13 6 20 
4 1 14 1 10 1 
7 12 4 10 11 2 
24 20 8 15 6 19 
14 21 6 23 24 5 
19 14 7 14 11 6 
23 16 10 2 6 18 
2 12 23 2 16 15 
14 13 18 5 17 23 
11 12 10 5 5 3 
3 7 22 14 11 1 
1 15 16 16 24 6 
3 9 11 23 16 14 
8 9 4 11 16 8 
16 9 1 9 3 6 
22 15 13 19 11 5 
2 17 7 22 14 23 
16 14 15 12 6 15 
7 20 6 4 22 19 
12 11 12 19 2 2 
2 4 22 11 23 22 
2 16 5 1 23 5 
6 16 5 23 10 13 
1 4 4 19 20 13 
6 20 5 20 20 12 
9 21 18 22 12 9 
4 15 14 12 14 24 
20 6 18 18 21 2 
19 18 4 21 3 7 
21 19 8 6 7 13 
21 9 12 23 11 22 
16 23 24 4 1 23 
13 13 7 24 13 18 
2 5 12 17 21 13 
8 14 17 1 5 19 
1 12 6 22 3 6 
8 14 18 11 3 10 
8 3 24 6 19 2 
18 8 24 18 19 4 
5 22 7 18 10 4 
18 5 4 21 21 21 
17 15 1 23 4 7 
24 14 15 6 13 23 
18 19 19 14 23 12 
20 11 22 2 7 2 
10 21 13 13 5 3 
23 21 20 24 24 18 
9 10 24 3 1 9 
12 1 18 8 7 13 
14 19 3 14 4 18 
22 22 18 10 8 11 
13 19 18 24 3 3 
4 4 17 21 15 23 
11 16 24 12 23 4 
4 2 23 23 3 3 
5 20 1 19 10 6 
20 1 15 21 22 22 
3 19 24 6 2 4 
2 24 2 14 10 17 
24 5 11 4 7 10 
6 9 22 22 24 5 
1 11 6 6 1 20 
13 9 15 6 11 20 
10 20 7 1 5 10 
5 3 24 19 2 7 
10 21 15 2 9 8 
4 10 14 24 13 20 
17 19 24 10 21 17 
5 9 19 6 7 11 
12 9 13 12 9 16 
15 20 18 11 1 11 
19 22 18 19 20 23 
17 1 22 22 3 2 
13 20 11 17 22 23 
7 8 17 11 23 8 
18 5 17 15 21 21 
5 14 18 13 3 15 
3 13 4 16 12 3 
2 5 16 19 4 17 
23 20 20 4 3 20 
23 3 1 4 6 3 
5 4 1 22 3 7 
19 13 14 17 4 22 
12 23 20 18 20 9 
11 23 12 11 20 24 
6 14 3 21 18 23 
16 20 9 8 13 20 
23 15 14 12 15 6 
13 22 12 1 18 23 
3 6 8 21 3 24 
1 24 24 16 4 17 
6 9 12 15 21 4 
22 9 21 15 22 21 
7 14 6 2 3 9 
17 17 10 24 12 15 
8 3 21 6 7 17 
1 20 1 14 15 2 
10 10 6 18 13 4 
15 19 8 23 10 21 
22 4 7 23 2 6 
9 7 15 13 19 3 
12 21 16 12 13 3 
24 2 23 24 24 7 
1 11 2 13 24 17 
19 4 18 22 7 7 
8 16 7 18 11 2 
1 23 14 6 14 13 
20 24 15 1 17 12 
8 22 3 16 2 8 
22 11 17 20 13 2 
16 20 20 8 12 11 
16 21 15 16 12 10 
1 3 21 14 24 6 
16 13 3 13 4 22 
21 5 13 12 1 24 
15 2 21 3 2 9 
10 20 3 20 4 10 
15 12 13 13 12 7 
2 22 3 22 10 13 
4 5 5 5 1 5 
12 9 2 18 1 13 
18 2 2 22 9 5 
22 17 13 10 3 21 
11 9 11 11 18 20 
23 1 24 8 12 13 
5 10 20 8 11 18 
23 9 14 10 15 20 
10 1 18 21 3 4 
5 12 14 9 3 23 
17 3 11 5 23 13 
9 9 24 23 15 1 
12 10 22 15 3 12 
14 20 5 23 9 10 
11 13 14 11 18 10 
22 6 17 18 7 12 
1 10 9 19 15 5 
8 23 6 5 10 15 
18 2 16 19 18 16 
7 16 8 21 1 12 
16 15 13 7 10 23 
22 3 11 14 9 16 
23 5 23 7 14 3 
9 21 9 12 22 16 
4 4 7 18 14 17 
3 21 23 11 4 6 
4 8 12 5 19 23 
23 5 19 20 16 18 
16 6 17 7 5 13 
2 20 22 3 2 17 
12 10 20 12 20 8 
18 2 18 16 8 11 
7 8 23 2 21 17 
4 23 24 13 9 11 
2 9 15 17 24 16 
9 20 21 3 7 14 
12 24 19 12 19 20 
15 10 21 9 7 9 
3 11 20 20 24 17 
6 22 1 8 14 12 
16 11 6 8 2 6 
9 10 11 4 12 20 
10 16 20 17 19 24 
9 3 2 23 9 8 
11 13 16 23 16 8 
10 13 6 2 9 11 
10 21 8 17 16 24 
3 21 21 12 15 20 
18 24 8 4 22 16 
12 5 9 14 4 16 
4 13 9 13 1 15 
5 23 20 7 21 9 
22 24 23 24 6 8 
17 9 12 22 7 24 
18 15 5 22 20 9 
12 4 17 9 24 13 
3 22 11 14 21 6 
15 4 1 19 13 13 
19 24 1 3 6 9 
3 16 22 6 5 5 
20 18 14 14 2 5 
22 10 12 6 14 12 
23 18 10 20 15 8 
6 6 13 9 23 2 
13 8 20 15 17 5 
23 8 24 8 3 5 
9 7 8 5 19 17 
24 3 10 1 4 20 
13 11 4 10 22 12 
8 17 12 16 17 24 
6 18 23 21 12 1 
4 15 14 7 9 23 
3 5 11 13 19 21 
7 10 16 21 12 10 
2 2 2 6 4 10 
14 11 13 2 19 23 
19 14 22 18 16 3 
18 9 3 8 3 21 
15 22 9 23 3 17 
19 23 1 4 20 3 
7 17 15 1 20 12 
5 19 12 17 12 4 
8 2 23 5 9 20 
17 4 16 16 8 19 
20 20 21 10 15 3 
22 2 7 10 11 19 
6 11 12 5 5 9 
10 3 5 4 1 11 
13 19 24 13 18 21 
18 17 3 21 22 5 
7 8 19 9 3 6 
23 15 21 18 22 9 
21 17 16 12 9 17 
3 9 22 19 19 22 
19 13 21 7 6 13 
24 10 6 19 15 9 
6 20 1 12 15 6 
11 3 16 7 1 23 
20 5 18 4 9 5 
3 3 1 20 14 9 
24 8 8 13 2 7 
2 21 3 9 15 23 
19 24 19 15 4 16 
1 7 7 4 12 5 
6 1 11 5 9 19 
4 12 11 11 22 11 
6 2 18 9 7 17 
24 12 8 22 17 23 
20 20 4 3 22 13 
6 11 14 13 7 3 
10 6 9 19 1 9 
10 23 4 2 7 11 
5 11 15 14 11 4 
9 12 21 21 7 5 
7 20 1 22 12 24 
13 6 6 13 14 10 
7 11 24 23 4 24 
22 5 14 6 23 21 
20 21 3 1 2 23 
2 21 7 9 6 15 
1 23 10 22 23 20 
12 4 17 11 22 11 
5 8 12 8 16 19 
17 22 22 13 14 16 
18 7 5 21 24 20 
19 7 21 9 20 23 
5 13 15 21 4 18 
11 8 3 12 11 2 
18 10 22 15 7 11 
2 7 9 9 10 10 
11 8 8 5 3 22 
22 21 6 6 20 3 
14 5 23 1 3 3 
22 6 13 12 6 8 
3 20 19 21 3 16 
5 14 9 1 11 12 
6 3 3 20 16 5 
2 9 15 16 2 3 
8 16 16 12 4 22 
3 4 18 10 24 6 
7 21 16 18 8 2 
13 23 17 12 5 12 
4 2 15 15 17 14 
4 17 14 21 10 14 
22 16 8 23 6 1 
11 2 22 16 1 20 
11 22 9 6 10 10 
16 21 23 13 11 5 
4 4 20 6 9 4 
9 22 15 5 20 3 
14 7 16 4 13 23 
9 19 24 8 5 7 
12 7 16 11 18 7 
10 4 19 18 19 24 
7 18 18 20 16 6 
2 22 12 17 20 11 
19 21 2 20 7 4 
3 19 5 10 18 6 
8 6 13 10 7 9 
23 8 21 22 18 23 
9 12 3 4 10 5 
3 7 6 6 13 19 
12 13 10 10 24 21 
8 12 18 8 14 13 
8 4 24 17 24 11 
4 16 19 9 20 20 
22 15 16 24 16 17 
11 21 16 1 3 20 
4 15 8 23 16 3 
23 1 2 15 11 1 
5 23 17 19 14 14 
19 6 14 9 9 22 
18 4 13 21 14 12 
9 11 1 7 11 14 
24 11 13 2 19 2 
6 2 8 1 21 13 
2 14 7 20 9 6 
3 24 24 15 2 13 
2 18 20 1 4 13 
5 11 7 24 4 23 
3 21 17 10 2 20 
13 4 15 3 14 7 
17 18 14 1 11 16 
17 2 4 8 11 11 
18 24 7 15 6 4 
15 13 23 8 7 15 
19 22 19 21 11 8 
20 7 8 16 23 22 
22 23 16 23 12 14 
18 6 20 7 10 15 
8 23 20 11 10 3 
24 6 10 9 22 12 
22 6 1 21 16 22 
19 20 12 2 17 5 
22 8 16 9 11 9 
6 7 20 23 3 11 
19 15 23 3 20 18 
22 6 3 2 3 5 
22 14 17 15 9 24 
19 2 3 4 4 5 
23 16 20 1 3 12 
8 13 21 19 10 22 
11 24 8 14 22 14 
22 6 14 13 14 22 
17 19 3 3 13 17 
3 20 13 11 23 8 
10 16 20 22 9 5 
17 12 8 18 16 5 
23 20 24 1 22 5 
21 4 1 15 15 13 
13 8 23 10 21 20 
11 20 20 15 19 3 
4 1 23 18 24 13 
8 12 2 16 9 13 
1 21 10 10 17 22 
20 8 14 15 5 21 
8 21 10 17 22 8 
11 20 7 22 14 2 
24 19 5 1 2 10 
21 3 6 19 8 3 
24 13 11 20 2 9 
17 1 18 6 1 20 
11 8 2 18 1 12 
20 2 21 22 6 17 
13 16 8 17 2 12 
8 24 17 6 9 6 
15 19 12 18 6 24 
5 23 17 21 13 5 
19 8 4 8 24 2 
23 17 2 1 11 17 
22 1 11 22 24 23 
14 10 21 14 16 6 
3 20 17 6 22 19 
8 19 4 5 12 6 
23 2 21 17 8 5 
17 7 24 19 16 19 
8 15 24 5 19 6 
14 18 24 7 6 21 
8 6 15 14 3 11 
22 4 14 18 5 6 
18 11 12 7 2 24 
9 6 11 22 6 5 
23 14 3 24 21 7 
21 3 18 5 3 5 
10 7 22 13 16 6 
22 2 16 24 24 18 
11 12 13 17 15 20 
6 17 14 18 18 6 
6 2 6 15 16 24 
3 10 20 22 15 22 
21 22 4 12 15 2 
3 15 24 3 4 14 
13 10 6 2 7 19 
19 4 11 15 12 9 
13 6 21 23 22 14 
5 16 4 7 10 19 
7 11 15 16 15 6 
19 24 17 20 10 13 
15 15 13 14 16 22 
5 8 17 13 19 18 
5 7 13 18 22 1 
24 13 19 11 8 11 
4 9 9 23 15 22 
14 14 1 1 18 15 
12 11 18 18 8 5 
22 19 19 5 18 13 
21 2 20 18 22 22 
18 23 20 16 8 11 
17 22 12 4 12 19 
23 12 6 14 23 22 
13 9 8 5 22 5 
4 7 14 21 19 10 
2 2 14 7 14 9 
1 11 1 19 17 6 
5 9 15 11 12 8 
4 2 6 16 22 5 
18 12 23 20 3 24 
15 14 2 8 13 18 
8 24 15 1 24 8 
22 21 10 14 8 24 
24 6 6 8 11 18 
11 4 4 4 22 12 
22 6 13 18 13 19 
15 8 19 1 11 8 
21 16 5 11 11 3 
10 9 13 10 11 11 
3 11 5 19 11 3 
14 22 14 15 14 1 
1 11 20 1 8 17 
24 10 22 4 16 6 
7 12 9 1 1 2 
21 21 21 3 24 19 
12 6 17 7 4 17 
6 10 18 12 8 8 
1 15 12 20 9 11 
7 3 7 8 14 2 
8 17 14 8 6 6 
10 20 3 22 7 21 
16 1 5 7 10 10 
15 4 11 16 12 11 
19 3 22 16 17 6 
1 24 8 2 18 8 
19 3 8 21 16 11 
1 23 11 2 19 11 
17 24 15 14 15 8 
17 10 23 7 3 6 
1 6 22 7 2 24 
5 4 4 16 18 5 
19 12 2 13 2 12 
3 18 20 1 5 3 
11 3 2 16 15 5 
12 21 12 11 8 1 
5 10 2 2 18 5 
11 8 23 22 4 10 
24 6 2 10 21 10 
13 19 1 12 4 12 
18 16 3 2 21 7 
20 20 6 8 21 1 
18 10 16 11 16 18 
20 12 12 23 19 8 
12 22 4 6 11 23 
3 15 9 9 10 6 
20 16 15 12 7 15 
24 10 10 19 22 9 
22 23 18 12 21 14 
15 15 11 24 4 12 
2 24 13 4 2 10 
11 16 16 18 5 6 
11 19 6 24 22 12 
17 19 22 9 24 20 
12 11 24 14 23 19 
1 8 20 1 11 10 
6 10 1 8 10 20 
13 19 20 15 24 14 
8 18 12 5 8 1 
8 3 2 20 9 20 
21 20 1 6 8 9 
7 3 21 15 15 5 
21 2 12 12 1 10 
7 15 13 11 9 5 
24 4 6 3 7 22 
21 10 24 6 3 5 
6 22 5 17 13 13 
21 12 21 7 4 18 
13 10 7 14 12 18 
6 2 11 11 23 17 
20 6 21 17 24 15 
5 23 18 3 22 16 
11 11 22 5 23 24 
10 8 14 6 16 3 
14 9 6 5 12 4 
24 8 4 10 6 2 
5 16 2 17 23 1 
15 8 23 22 19 14 
9 5 19 8 21 16 
19 21 20 7 9 15 
14 17 11 23 8 22 
20 7 21 16 10 24 
23 3 9 3 7 10 
16 9 12 15 14 11 
16 18 7 2 13 9 
8 18 17 10 2 14 
2 11 7 10 11 5 
4 1 13 21 3 13 
16 3 21 23 9 3 
8 7 17 8 23 4 
13 5 2 22 8 9 
19 20 19 8 15 22 
2 16 10 22 8 7 
20 13 9 13 4 14 
6 11 11 1 8 6 
10 16 16 11 22 12 
2 9 3 16 6 15 
17 13 20 5 3 1 
20 5 22 11 21 10 
4 15 3 19 13 23 
13 17 19 2 18 22 
23 10 18 19 23 18 
15 23 4 15 20 19 
18 5 11 20 15 6 
24 19 2 23 7 16 
11 13 3 22 11 24 
2 18 14 1 20 13 
7 15 17 1 2 16 
15 2 19 9 20 12 
9 22 10 23 17 4 
14 18 17 7 14 24 
7 18 9 9 19 17 
3 8 4 21 20 7 
16 7 11 21 5 8 
24 17 3 6 13 12 
12 4 4 5 16 18 
7 7 8 23 7 1 
4 14 19 13 18 1 
15 8 6 15 5 20 
17 17 8 7 16 22 
2 14 3 11 1 2 
8 4 11 5 5 3 
16 15 13 11 15 3 
22 8 24 17 15 11 
2 15 18 11 6 17 
23 3 15 8 13 10 
12 13 1 19 22 7 
5 15 13 18 14 10 
19 20 19 8 12 10 
19 18 1 9 10 24 
9 7 9 22 5 11 
17 20 15 20 2 5 
9 18 19 19 19 16 
19 1 21 6 5 2 
23 23 15 12 7 18 
14 21 18 22 21 3 
11 8 13 14 24 5 
13 3 19 21 7 21 
11 24 20 2 1 5 
17 21 18 14 4 17 
7 24 3 23 5 23 
4 17 5 18 9 15 
2 10 7 17 20 15 
8 1 11 20 22 11 
5 17 19 9 15 12 
4 12 21 19 11 11 
2 8 10 15 1 23 
10 22 8 9 13 5 
19 15 1 5 22 17 
15 8 18 12 12 13 
21 1 6 20 14 5 
24 23 19 20 22 16 
20 13 8 10 18 21 
20 18 9 19 18 3 
17 20 3 16 4 6 
7 5 20 12 20 13 
6 23 2 12 21 17 
1 1 17 10 16 19 
10 8 11 2 3 24 
8 11 24 14 18 16 
8 17 20 22 11 2 
19 14 17 8 21 10 
2 24 2 4 1 4 
2 11 22 6 13 13 
12 14 15 21 24 1 
18 20 14 4 14 13 
3 15 19 22 12 5 
21 10 8 7 19 6 
3 19 13 6 5 10 
12 22 4 11 22 18 
4 9 2 2 7 7 
19 10 20 6 17 18 
7 2 21 14 17 20 
24 5 2 7 11 15 
21 23 19 19 21 21 
10 14 11 20 9 15 
12 23 12 20 13 24 
22 24 3 17 1 24 
6 8 17 8 3 19 
15 2 20 24 22 22 
1 24 15 13 15 9 
4 5 10 12 5 10 
11 18 17 13 17 11 
11 4 9 13 1 6 
6 21 23 13 23 24 
8 20 19 23 22 6 
16 5 19 21 8 8 
8 24 22 16 4 21 
21 13 9 13 6 22 
20 3 22 20 11 15 
7 1 8 23 17 7 
9 5 16 17 12 3 
24 17 23 23 18 8 
4 5 5 16 4 15 
17 18 9 14 1 23 
4 19 22 9 9 21 
13 4 17 1 17 3 
20 19 12 15 24 17 
12 4 1 14 8 10 
23 1 1 21 6 3 
16 2 9 9 8 23 
9 6 22 24 1 15 
21 15 12 24 14 16 
3 1 20 20 16 19 
21 3 19 7 21 18 
13 6 21 6 20 21 
7 18 9 5 14 3 
6 16 16 16 24 2 
4 18 19 20 6 21 
20 16 10 16 10 11 
7 1 19 5 5 24 
10 1 1 24 8 11 
16 2 4 3 21 16 
3 5 24 12 11 14 
18 15 19 21 12 5 
2 12 5 12 18 11 
6 3 16 3 5 14 
19 3 11 6 17 19 
16 24 19 15 23 14 
23 15 2 19 21 16 
12 11 8 1 9 10 
21 3 14 15 16 13 
15 7 19 13 20 12 
2 14 11 4 3 15 
24 21 3 17 17 4 
14 23 18 9 20 12 
22 24 11 5 4 20 
6 23 7 15 22 17 
4 4 22 11 18 8 
3 23 12 22 17 14 
23 3 3 21 24 18 
3 18 5 16 18 22 
4 15 1 18 13 21 
4 15 4 14 15 24 
17 21 12 20 21 22 
19 4 22 1 2 11 
18 12 8 12 17 2 
18 24 1 20 9 22 
14 7 1 18 15 17 
17 8 1 4 19 11 
20 9 5 19 16 6 
6 20 22 3 17 2 
10 3 19 9 12 11 
21 19 9 4 19 21 
22 23 5 18 19 13 
3 20 20 16 3 13 
16 22 15 3 8 2 
18 5 3 18 3 4 
10 1 2 21 12 9 
12 24 1 15 20 23 
15 22 1 20 19 15 
1 8 10 16 11 14 
5 11 7 18 13 8 
20 22 24 8 12 18 
3 11 15 15 19 14 
19 7 11 2 11 21 
23 16 12 16 5 16 
13 3 10 4 13 11 
19 4 7 9 23 3 
16 13 2 1 20 15 
16 21 10 17 20 12 
19 22 3 3 24 4 
12 8 7 6 5 19 
8 2 18 4 10 13 
3 23 5 17 24 12 
15 3 15 15 15 18 
12 22 7 20 17 21 
12 2 1 10 2 18 
18 18 3 4 16 12 
16 16 8 15 22 16 
3 24 14 15 13 17 
5 1 11 6 14 9 
11 23 7 5 7 23 
23 7 11 14 9 16 
9 17 24 20 3 23 
18 19 12 11 18 9 
15 11 18 15 20 16 
20 10 18 1 9 21 
5 2 11 18 17 22 
20 4 21 19 12 5 
19 19 7 8 8 15 
22 23 20 11 15 6 
16 1 20 5 22 18 
13 14 22 10 3 22 
14 17 9 17 21 6 
14 7 17 6 7 1 
12 2 10 16 9 20 
16 23 11 6 2 17 
18 12 12 17 23 23 
24 18 24 8 10 1 
19 5 13 12 6 7 
9 7 6 5 9 17 
18 19 1 3 23 24 
10 13 14 4 14 3 
9 16 6 18 16 18 
19 18 12 15 20 21 
22 15 1 8 2 18 
10 18 17 2 21 22 
8 18 22 24 3 18 
12 2 16 9 15 5 
17 2 14 17 16 5 
16 19 22 19 9 9 
17 16 10 14 21 19 
18 2 20 1 19 5 
19 11 8 23 21 9 
15 17 13 18 11 16 
20 14 3 1 2 19 
21 6 9 24 23 11 
16 2 16 13 11 22 
3 7 9 20 22 1 
5 5 18 23 6 24 
19 24 13 16 20 22 
17 24 5 15 15 3 
9 18 2 9 1 5 
4 6 19 12 19 7 
3 2 14 16 21 6 
8 3 4 18 17 18 
12 19 9 14 7 4 
13 6 20 2 21 8 
18 5 7 6 6 19 
23 7 10 8 1 8 
13 20 21 7 16 21 
21 1 8 16 15 9 
8 4 21 7 16 3 
2 1 13 20 9 12 
1 18 22 18 22 7 
18 9 17 12 24 12 
8 24 1 19 15 20 
17 8 1 11 18 7 
22 8 8 13 23 4 
10 17 1 6 20 1 
9 9 3 21 16 3 
15 21 14 12 23 14 
4 15 20 15 4 10 
8 2 9 19 7 12 
17 6 19 8 19 20 
3 8 6 16 16 8 
20 17 14 19 22 10 
24 17 21 3 22 23 
22 21 13 15 5 18 
16 18 6 11 22 12 
8 3 17 3 22 21 
17 18 5 15 16 4 
22 5 19 7 20 22 
5 6 7 2 22 9 
11 5 15 6 17 12 
11 23 16 5 5 24 
22 10 10 14 15 3 
17 15 14 12 12 22 
13 17 4 24 13 9 
14 22 3 5 5 18 
17 6 7 2 20 13 
12 3 10 13 3 18 
22 22 20 20 9 1 
9 2 1 22 2 9 
9 9 20 2 21 9 
24 5 6 6 22 20 
22 16 22 9 15 24 
9 4 18 19 12 7 
15 19 24 23 3 20 
17 5 24 4 2 20 
8 15 22 24 9 19 
10 5 24 23 14 9 
8 17 5 2 22 3 
14 11 16 14 17 1 
21 19 19 19 1 6 
6 21 17 19 17 9 
3 3 4 7 20 9 
8 19 18 18 8 4 
18 6 8 23 16 7 
10 20 20 18 1 17 
6 15 21 22 12 18 
20 20 13 17 19 14 
2 22 13 24 16 18 
22 24 16 23 24 16 
8 15 13 14 12 23 
13 10 16 9 6 19 
5 2 12 20 2 22 
24 12 10 18 3 24 
1 9 9 4 18 12 
22 14 24 16 2 14 
18 19 9 2 3 15 
22 16 14 5 10 12 
10 3 4 9 8 10 
14 4 7 8 5 6 
13 21 2 13 18 13 
9 10 20 7 2 13 
9 8 15 17 13 12 
19 23 13 22 2 24 
1 17 10 7 9 17 
24 3 20 1 10 24 
3 8 10 7 2 12 
6 5 1 9 3 23 
9 5 24 1 9 15 
10 16 20 19 10 1 
16 24 13 23 10 15 
18 16 8 22 16 5 
24 10 3 4 9 22 
24 8 18 24 13 4 
5 19 7 20 14 20 
22 8 1 2 15 21 
16 8 11 16 14 16 
7 14 7 16 15 12 
20 3 13 24 4 3 
10 2 2 22 19 9 
22 22 22 21 16 11 
7 1 19 16 14 13 
2 7 23 9 5 14 
17 3 16 17 6 2 
7 12 17 15 19 15 
11 16 19 4 21 1 
1 7 24 22 20 11 
12 14 16 1 5 8 
11 20 3 23 21 2 
16 7 24 10 6 17 
1 4 3 13 22 11 
13 16 11 17 14 1 
18 16 5 18 23 2 
15 22 18 24 3 13 
9 2 13 1 1 15 
15 6 23 6 24 13 
19 18 7 9 17 11 
2 8 17 2 3 13 
17 6 3 6 14 15 
16 5 9 3 6 5 
19 17 17 14 10 10 
5 13 2 8 21 20 
13 22 14 17 2 24 
19 13 19 16 12 23 
22 8 18 23 18 6 
23 9 1 12 13 7 
15 7 7 4 3 8 
23 23 11 15 5 21 
11 16 12 23 13 23 
9 3 23 7 12 13 
12 6 23 18 22 1 
9 22 4 9 11 3 
23 4 22 7 13 5 
14 17 9 19 9 9 
16 20 12 24 18 5 
11 3 16 4 14 8 
22 20 13 18 24 13 
18 14 1 6 9 13 
3 14 14 20 1 11 
17 1 23 2 4 2 
21 1 14 12 21 22 
1 9 6 10 2 21 
21 20 15 3 23 10 
20 5 19 24 4 11 
18 6 18 6 17 14 
14 5 9 9 2 5 
6 15 12 6 8 20 
10 20 9 12 20 20 
20 8 19 9 22 21 
12 22 22 11 1 22 
14 4 5 9 12 6 
9 20 11 13 1 11 
18 17 23 15 11 9 
15 2 6 2 9 1 
6 12 21 1 21 3 
4 6 9 3 21 3 
14 14 20 21 19 24 
17 19 10 12 2 5 
23 2 3 7 22 7 
20 9 16 13 11 13 
20 22 17 22 5 22 
12 17 21 3 14 4 
1 19 24 6 15 14 
18 13 16 21 23 9 
21 20 22 20 15 6 
6 11 10 24 22 2 
23 11 3 20 3 24 
3 21 23 6 9 4 
4 4 18 3 16 4 
11 10 17 17 5 21 
8 20 9 1 7 15 
3 15 7 17 4 13 
23 2 9 13 23 4 
4 22 7 4 19 20 
11 7 15 22 5 17 
20 9 20 10 20 23 
12 5 2 2 13 21 
10 23 5 20 18 21 
21 23 19 13 15 24 
7 14 16 19 16 11 
10 10 12 6 3 23 
24 17 13 12 18 7 
6 10 20 5 9 9 
11 10 10 16 3 22 
8 10 9 9 18 2 
21 5 17 20 21 22 
24 24 24 4 11 9 
7 4 22 7 13 11 
6 15 24 15 9 24 
3 16 23 14 22 6 
4 2 16 19 20 5 
1 9 18 13 17 6 
5 10 9 22 7 5 
11 2 17 20 16 19 
