100
24 3 20 14 9 17 
12 24 16 4 1 7 
21 4 17 1 9 14 
22 12 1 8 19 16 
5 1 15 20 8 23 
20 24 6 12 3 17 
2 19 5 23 11 14 
20 24 8 14 1 17 
10 16 2 22 7 19 
23 11 2 15 6 18 
2 23 15 20 8 12 
13 23 5 8 2 18 
5 11 2 8 18 22 
6 9 24 15 3 12 
13 8 19 16 24 3 
24 5 13 10 18 21 
15 1 5 9 12 24 
21 14 18 5 8 11 
19 1 11 23 6 16 
6 14 9 17 1 23 
21 24 13 5 8 17 
3 22 17 11 6 14 
11 8 18 4 15 21 
10 13 24 16 3 6 
23 19 9 2 16 6 
16 19 22 2 9 6 
2 22 19 9 16 13 
4 11 21 15 7 24 
2 16 23 19 6 12 
6 24 19 13 16 1 
15 22 11 1 19 5 
7 10 23 20 13 2 
24 14 11 17 7 4 
10 13 17 24 2 21 
8 19 14 5 1 23 
17 24 20 14 5 9 
2 5 23 14 9 17 
23 20 1 4 13 9 
5 20 16 24 10 2 
19 4 9 16 1 22 
21 8 24 2 18 15 
4 22 17 13 1 10 
20 16 7 1 10 4 
22 6 18 10 15 3 
4 20 1 23 11 8 
8 24 11 4 18 1 
12 1 15 9 4 21 
1 9 14 23 18 5 
2 24 5 16 21 12 
10 24 4 15 20 7 
23 17 9 20 3 12 
2 5 21 14 11 17 
10 6 13 16 21 2 
13 9 2 16 5 24 
9 24 3 16 13 6 
20 11 17 14 23 1 
24 9 1 6 18 14 
23 16 20 8 1 13 
11 8 21 15 18 3 
17 11 14 21 5 2 
15 9 5 12 24 1 
13 6 17 9 23 3 
15 20 6 23 12 1 
24 19 6 12 15 3 
5 11 14 24 1 17 
19 9 1 23 4 14 
18 5 14 1 22 8 
5 16 2 13 10 24 
12 20 17 9 5 2 
11 24 18 21 8 4 
19 16 22 10 13 4 
10 1 21 4 15 24 
2 23 6 11 19 15 
24 9 2 5 19 13 
7 23 3 16 20 13 
17 8 24 5 13 20 
1 16 12 23 19 5 
9 15 3 24 6 18 
11 23 18 4 8 14 
24 16 11 7 3 20 
18 15 2 21 8 12 
10 1 23 16 19 7 
20 24 12 3 16 9 
16 11 2 6 20 23 
9 16 12 21 2 24 
10 17 24 13 6 20 
24 1 20 16 13 8 
7 1 23 4 13 18 
2 20 23 6 15 10 
2 11 20 17 14 8 
10 17 4 13 7 23 
14 1 17 23 11 7 
5 9 2 12 19 24 
23 18 1 5 14 11 
3 20 14 11 17 8 
19 22 2 9 12 15 
17 10 2 13 7 24 
21 2 11 16 24 6 
14 7 20 23 11 2 
4 17 1 11 24 14 
21 11 22 19 21 22 
11 21 8 21 4 6 
7 11 16 6 14 17 
10 20 18 23 15 24 
22 13 5 24 10 4 
8 2 12 8 23 18 
12 6 16 8 12 16 
3 6 19 1 3 13 
13 7 24 24 5 5 
17 6 5 7 10 20 
14 18 5 2 15 11 
3 13 4 1 15 14 
9 14 6 5 12 6 
12 22 7 8 4 22 
17 6 3 18 6 10 
11 20 6 24 20 14 
10 4 20 1 4 16 
15 20 19 16 15 15 
18 21 13 22 17 12 
4 20 14 4 24 7 
7 23 24 1 3 21 
23 10 14 21 8 13 
23 18 12 12 2 5 
7 20 2 21 6 5 
14 20 11 18 21 21 
24 14 21 4 13 2 
1 3 16 1 22 23 
23 20 3 8 17 1 
16 18 1 13 9 13 
11 1 10 14 13 14 
3 16 18 6 18 19 
16 18 8 9 4 21 
6 17 7 9 11 22 
9 9 10 7 23 11 
15 17 5 4 18 1 
5 20 2 9 23 6 
24 4 20 5 2 21 
3 4 16 3 19 1 
21 7 18 2 3 7 
23 19 24 15 17 18 
17 12 17 14 15 11 
22 4 5 16 4 14 
8 3 4 20 23 6 
23 24 8 6 5 13 
22 16 3 7 23 16 
23 11 2 13 16 4 
22 7 4 12 15 2 
19 4 3 18 12 15 
21 12 21 10 18 22 
18 7 19 4 3 23 
5 22 4 8 5 13 
22 4 11 13 10 22 
19 19 22 24 17 22 
2 22 11 11 1 7 
20 15 17 11 18 10 
18 5 18 17 6 3 
20 20 11 8 12 20 
13 4 14 3 19 23 
16 5 18 10 22 20 
12 6 1 24 14 12 
6 21 13 16 3 7 
10 22 5 13 19 17 
12 14 16 8 23 9 
18 24 12 14 24 11 
21 15 4 18 20 20 
8 5 6 1 7 22 
2 21 21 10 3 13 
19 6 19 12 2 19 
15 17 22 13 3 14 
20 15 20 4 13 20 
4 12 6 5 18 7 
7 5 14 19 23 5 
17 22 4 14 14 20 
21 5 7 17 8 11 
23 22 9 22 2 18 
9 5 17 11 6 21 
8 6 1 13 8 19 
12 19 10 9 18 15 
19 2 21 1 7 16 
7 5 1 3 13 4 
5 7 19 2 21 11 
21 17 22 24 4 14 
9 8 19 24 17 19 
13 16 6 5 10 21 
24 10 21 9 6 17 
2 9 10 11 10 22 
9 6 18 17 15 11 
12 23 9 24 3 14 
17 11 2 17 6 17 
24 1 3 22 9 11 
20 6 22 15 23 13 
4 11 2 15 7 11 
18 6 14 22 12 18 
20 4 6 6 16 7 
6 10 23 17 4 5 
1 5 12 3 17 19 
10 5 7 18 24 16 
22 16 13 12 4 1 
24 10 23 4 22 18 
15 13 5 8 22 16 
