100
13 24 28 34 1 17 10 20 5 
20 31 17 27 4 11 23 1 7 
26 1 22 13 8 16 4 30 35 
22 30 1 4 12 15 19 26 34 
29 11 24 15 21 32 7 1 4 
8 5 22 11 35 30 19 27 14 
17 24 6 9 12 33 2 30 20 
10 23 30 13 33 4 20 36 1 
17 36 32 1 12 9 5 23 26 
7 36 26 4 1 32 14 19 29 
35 4 7 1 18 32 23 14 11 
10 35 13 21 4 30 1 26 18 
30 26 20 17 6 10 23 36 13 
18 24 1 6 36 21 10 13 28 
33 7 4 10 30 13 25 1 18 
2 18 6 36 10 25 29 15 21 
11 15 8 21 25 18 4 31 1 
35 4 28 1 8 24 13 32 18 
35 7 11 32 4 29 19 25 14 
5 33 2 27 30 11 23 16 8 
23 20 1 4 33 36 17 9 14 
32 22 7 17 29 12 36 2 25 
35 32 6 15 1 26 20 9 29 
28 31 11 14 36 2 22 8 17 
31 13 35 18 4 1 27 24 21 
21 31 2 36 10 6 24 16 13 
31 1 8 36 18 28 22 13 4 
20 7 11 4 29 17 26 35 32 
7 14 36 32 18 22 2 25 29 
13 36 22 9 16 26 4 1 33 
30 22 1 8 19 26 11 34 4 
10 17 13 2 36 20 27 23 31 
20 35 4 32 24 28 14 1 9 
11 4 16 36 1 20 33 7 23 
24 5 31 17 11 28 2 21 34 
1 20 35 31 5 26 8 16 12 
12 20 24 5 29 32 8 17 35 
35 32 7 11 29 24 21 3 15 
20 9 1 24 31 28 6 16 35 
23 12 32 1 35 15 8 18 29 
30 1 7 4 20 33 13 26 16 
1 35 4 27 9 23 19 14 30 
1 14 19 35 32 4 28 25 22 
5 2 18 27 8 30 33 24 13 
5 11 35 14 8 29 26 20 1 
1 11 4 20 8 17 35 14 25 
20 16 9 36 23 32 12 3 28 
18 3 36 7 15 22 10 28 33 
28 36 9 17 12 24 32 21 6 
25 1 8 22 30 19 15 4 33 
26 19 16 5 22 31 12 35 2 
8 16 22 34 28 5 13 31 2 
34 19 5 30 22 2 26 8 11 
28 4 18 9 31 21 1 36 15 
13 25 22 32 9 17 35 28 6 
2 30 26 10 5 14 18 34 23 
22 3 16 28 35 31 13 6 9 
36 21 5 27 16 32 11 1 8 
12 19 23 8 36 29 15 5 33 
1 27 13 4 32 9 24 35 20 
21 2 32 27 7 18 35 15 11 
1 31 20 27 9 24 17 12 6 
36 15 19 5 27 2 33 30 10 
5 26 29 32 9 20 23 1 36 
25 13 22 1 19 4 16 32 10 
16 13 24 20 9 5 28 35 32 
28 6 36 10 16 19 1 22 31 
18 31 24 28 34 9 14 3 6 
31 9 22 6 25 12 19 28 15 
18 13 10 25 2 21 31 28 34 
12 30 19 23 6 26 33 9 3 
8 1 22 16 12 36 25 28 31 
10 36 15 2 31 7 19 22 28 
30 12 27 8 36 15 33 5 22 
34 30 18 5 15 27 23 11 1 
9 12 2 36 28 15 31 25 18 
6 24 2 21 9 29 33 36 13 
24 6 27 16 31 12 34 19 1 
9 6 31 36 17 26 12 3 21 
16 3 8 36 24 31 28 21 13 
2 32 8 26 35 29 21 12 16 
29 1 25 14 34 17 6 10 21 
12 31 35 2 27 24 5 21 15 
36 4 11 20 7 1 32 17 27 
35 11 17 30 5 22 1 8 27 
12 19 26 29 34 7 1 4 23 
27 34 21 24 10 18 3 7 30 
1 25 4 13 17 21 8 29 36 
30 36 19 33 22 11 3 25 8 
29 6 32 15 26 12 36 2 19 
24 20 17 1 12 4 7 27 33 
36 12 19 29 22 16 9 5 33 
24 32 10 27 5 20 16 1 36 
3 10 32 19 6 14 23 28 36 
30 8 5 17 36 33 1 12 22 
2 33 13 28 36 5 18 23 10 
1 29 22 11 26 36 15 4 18 
2 30 34 23 27 10 5 18 13 
25 32 7 4 14 28 22 1 11 
12 28 6 32 35 9 15 18 1 
7 35 26 4 31 35 5 5 9 
29 22 9 33 19 3 4 23 25 
35 14 20 11 4 33 17 22 9 
26 22 26 24 10 11 8 5 16 
33 2 18 6 29 17 19 13 27 
1 12 4 8 12 20 26 10 11 
6 14 27 5 10 31 14 8 33 
34 9 21 1 23 21 25 33 10 
29 18 17 3 21 20 31 18 11 
5 33 30 36 7 2 2 31 35 
4 31 15 4 8 2 4 12 24 
8 6 21 18 36 4 19 9 25 
13 14 7 32 34 32 34 3 17 
11 23 2 4 27 12 28 26 35 
26 15 7 29 33 18 1 7 33 
8 22 22 11 18 9 30 13 17 
33 10 21 3 14 17 21 25 26 
12 25 11 36 33 33 35 9 2 
33 6 3 20 17 15 8 17 33 
13 1 11 9 33 30 18 4 16 
33 9 26 23 4 8 7 28 10 
20 4 12 35 17 10 14 21 2 
24 25 10 12 35 16 32 18 13 
6 7 2 16 30 13 15 24 14 
17 31 16 8 15 17 2 7 20 
13 26 7 24 22 26 27 25 12 
12 33 3 28 8 31 27 10 23 
9 25 22 19 22 2 25 26 29 
35 16 14 30 4 7 9 13 12 
4 3 18 13 32 24 36 27 14 
13 14 33 21 6 29 24 8 16 
26 30 25 21 7 33 28 34 36 
1 10 19 36 1 21 24 23 25 
31 32 24 2 20 7 1 10 22 
15 29 19 34 21 31 28 6 18 
17 6 14 5 31 11 26 7 5 
16 34 1 36 7 14 4 21 23 
20 34 11 22 13 17 18 9 17 
11 15 9 20 13 18 18 12 32 
7 5 27 15 9 30 16 5 4 
14 5 21 2 7 18 22 2 12 
34 28 27 11 32 21 21 6 24 
8 12 30 7 21 31 25 2 1 
32 31 8 25 31 29 24 1 27 
8 33 16 19 7 36 32 32 17 
27 17 24 34 14 35 25 6 35 
14 30 33 24 13 10 30 28 17 
10 5 7 21 19 14 24 9 6 
1 19 5 7 28 14 30 26 19 
19 21 11 20 9 35 5 30 7 
23 31 34 23 28 6 4 28 1 
26 3 10 4 11 7 16 32 20 
13 34 20 16 25 30 27 5 26 
4 27 13 36 5 29 3 27 20 
17 27 14 2 10 8 15 36 5 
19 8 36 33 4 19 24 22 22 
32 10 14 9 11 23 4 35 20 
11 6 9 6 21 5 3 8 10 
24 2 29 22 28 34 24 17 23 
12 8 22 1 13 13 27 8 12 
31 28 9 21 33 21 2 6 35 
26 26 29 12 13 17 32 27 19 
33 21 9 16 23 9 19 29 35 
4 7 12 36 36 1 1 29 35 
30 35 36 7 26 27 11 35 9 
8 3 14 32 8 32 24 31 3 
35 20 5 18 13 26 34 12 35 
32 12 2 10 18 8 33 10 5 
2 8 10 9 3 34 20 2 20 
36 11 36 7 17 14 21 4 31 
18 36 6 16 29 34 22 22 27 
13 11 5 21 13 8 31 24 4 
36 35 2 12 20 15 24 23 19 
13 26 29 17 5 25 6 23 17 
36 21 22 27 1 16 1 17 15 
16 35 18 29 30 7 35 10 27 
22 26 36 13 1 31 5 1 9 
10 32 21 6 35 14 16 34 4 
13 20 19 31 1 28 4 34 19 
4 33 4 14 5 7 14 6 23 
31 16 33 14 25 3 10 13 25 
12 30 3 36 22 20 27 2 18 
24 16 29 17 31 25 34 3 21 
25 11 19 33 12 23 24 11 9 
6 33 16 14 30 16 16 16 18 
35 29 33 32 29 10 4 16 26 
9 4 19 13 28 23 22 33 11 
21 13 18 22 32 35 13 13 31 
13 31 25 30 1 34 18 5 30 
32 28 20 6 6 31 24 34 32 
2 4 13 17 1 20 11 1 5 
11 16 30 7 25 15 6 9 16 
34 19 29 31 29 27 32 11 30 
31 4 15 8 27 24 17 18 10 
16 24 2 22 13 15 33 19 30 
21 31 1 8 21 27 33 35 33 
19 33 4 3 9 6 9 18 9 
14 1 29 2 34 35 13 14 19 
12 19 33 23 35 21 25 25 29 
30 24 29 21 27 33 31 1 15 
