100
1 11 14 8 5 3 
18 6 1 3 16 9 
6 17 4 10 12 1 
11 13 2 7 15 18 
15 2 10 18 5 8 
8 4 18 6 15 2 
5 7 17 9 3 14 
4 13 8 16 2 11 
2 5 13 7 18 11 
1 11 5 8 15 18 
3 13 8 18 5 10 
13 1 9 15 17 7 
14 7 5 11 3 16 
13 10 18 15 7 3 
5 11 18 7 9 14 
13 15 8 5 1 17 
18 15 3 5 7 12 
1 14 12 5 16 9 
4 12 1 9 7 14 
12 7 3 14 18 9 
18 5 1 16 11 7 
1 16 8 5 18 3 
7 18 13 15 11 1 
3 9 14 6 16 12 
1 15 8 4 18 10 
12 18 7 14 1 16 
11 15 9 3 17 7 
8 5 2 13 10 18 
8 15 10 17 13 2 
13 1 15 7 5 3 
4 9 14 1 12 17 
6 10 16 12 1 8 
11 6 18 3 16 9 
7 1 3 12 18 15 
15 4 2 9 7 11 
10 16 12 7 2 4 
12 1 6 15 8 10 
10 8 2 18 15 4 
11 17 4 9 1 14 
6 13 8 2 4 10 
11 16 6 1 9 13 
13 2 5 16 9 7 
18 8 1 14 6 3 
17 12 8 2 15 10 
15 9 7 13 11 5 
18 2 15 13 6 9 
2 6 15 10 8 4 
8 14 18 12 2 10 
4 10 6 2 18 13 
1 6 14 18 9 3 
1 5 12 16 7 14 
15 8 4 17 6 2 
3 11 15 7 1 5 
9 4 7 1 18 14 
6 18 11 15 2 13 
15 7 3 18 13 9 
8 18 14 6 1 11 
18 8 4 13 6 2 
1 4 14 9 12 18 
13 17 1 10 8 6 
12 2 8 10 6 15 
6 18 8 3 16 12 
16 13 2 10 8 4 
3 10 17 1 15 12 
14 12 16 10 18 3 
7 3 9 1 14 16 
1 10 8 18 12 4 
5 7 14 11 16 2 
10 1 12 18 14 5 
4 18 12 15 10 2 
1 11 9 14 17 4 
15 10 13 7 1 17 
18 2 5 10 15 12 
9 4 18 1 14 16 
6 3 18 11 8 14 
11 16 14 6 2 9 
9 16 2 13 11 18 
5 16 14 12 2 7 
4 12 10 7 16 14 
7 1 14 9 12 3 
4 6 9 13 17 15 
13 3 5 15 18 1 
17 15 2 8 6 11 
9 13 7 5 18 2 
12 8 16 10 4 6 
1 14 9 5 7 17 
2 11 13 18 5 15 
13 6 3 15 1 11 
16 9 1 14 12 6 
16 3 9 6 18 12 
14 7 11 9 4 1 
4 2 18 10 6 14 
9 15 1 12 18 7 
9 6 11 4 18 16 
11 4 14 9 2 18 
5 10 7 2 15 18 
16 14 1 7 18 10 
2 13 4 15 6 9 
11 15 18 3 7 9 
12 10 18 16 7 2 
4 14 2 13 10 2 
12 14 12 12 6 6 
18 9 6 13 17 12 
14 12 18 14 18 2 
13 1 14 2 2 3 
5 5 9 15 4 8 
7 15 12 14 12 5 
10 9 6 5 1 5 
4 11 10 3 5 9 
4 16 14 17 2 11 
2 1 10 10 12 8 
16 12 15 17 2 9 
5 12 12 1 12 5 
1 5 15 1 4 14 
6 18 3 6 3 17 
2 4 16 7 5 1 
6 7 6 16 6 1 
2 17 15 15 2 7 
15 7 4 11 12 16 
8 6 5 8 4 3 
6 8 17 4 6 1 
4 13 18 8 15 7 
6 11 16 3 2 9 
7 14 13 8 9 14 
4 7 12 12 4 9 
10 3 11 1 12 17 
9 16 11 14 16 11 
6 9 4 6 4 12 
7 10 18 14 16 10 
14 9 18 4 2 10 
9 2 10 13 7 3 
13 4 14 9 12 4 
18 4 7 8 12 5 
10 13 1 17 14 17 
11 14 18 16 4 14 
5 11 4 1 1 7 
13 12 8 4 13 7 
11 18 14 7 11 5 
6 5 14 2 14 13 
7 16 1 13 7 11 
15 13 17 18 2 8 
9 17 10 3 17 15 
15 4 16 10 1 7 
18 11 17 16 6 12 
10 16 9 9 9 11 
7 3 10 6 16 2 
3 3 1 3 1 1 
6 12 12 18 4 15 
9 14 3 13 13 1 
15 3 11 16 5 4 
12 9 18 4 11 6 
9 6 16 8 11 17 
10 12 5 9 16 17 
13 16 4 17 3 10 
7 3 12 16 4 1 
1 2 16 10 17 12 
15 15 10 17 10 16 
11 11 5 11 1 10 
17 14 11 15 3 17 
10 16 16 5 4 1 
1 3 1 18 16 7 
13 13 1 5 2 8 
5 4 1 13 1 15 
15 14 1 8 2 15 
12 11 8 1 7 9 
11 1 1 8 10 13 
3 12 4 4 11 17 
8 14 7 10 6 11 
1 3 3 4 6 7 
8 11 1 11 9 3 
16 18 15 16 10 1 
16 14 12 2 14 15 
13 10 4 4 10 18 
3 9 9 13 3 1 
10 2 1 4 17 4 
1 11 4 8 11 7 
1 8 12 15 12 3 
1 10 2 2 11 11 
12 8 11 12 14 1 
3 3 12 10 7 8 
9 2 1 4 11 16 
5 7 18 9 5 2 
5 3 12 2 16 6 
17 17 11 6 16 10 
8 11 11 16 10 7 
11 13 7 17 11 12 
4 17 10 11 18 10 
18 7 10 6 4 5 
12 3 18 7 10 2 
2 4 2 1 2 6 
2 14 6 5 6 10 
15 10 1 16 4 2 
2 13 15 14 5 11 
16 4 4 16 14 9 
15 8 16 8 18 2 
13 17 9 15 16 1 
2 5 17 5 7 1 
4 1 18 16 1 7 
8 13 6 6 10 10 
7 14 3 13 10 12 
