100
5 21 23 8 17 19 10 15 27 
27 8 10 24 20 12 3 5 14 
26 5 21 10 19 17 8 14 1 
21 5 1 23 16 27 25 14 12 
3 7 16 9 5 27 1 13 19 
27 19 2 14 25 10 6 23 16 
26 2 19 17 7 12 14 24 22 
24 22 1 15 26 12 4 8 18 
12 24 4 7 27 9 2 22 19 
17 22 1 26 5 9 15 20 24 
7 19 26 15 4 12 9 1 21 
15 23 25 11 8 3 17 19 6 
11 1 19 21 25 6 14 9 17 
19 22 4 14 9 12 26 24 2 
11 23 14 6 17 1 8 21 25 
16 9 14 27 20 2 7 25 4 
12 27 1 8 18 15 23 20 6 
6 1 14 3 17 24 21 26 10 
27 19 6 22 8 16 3 10 1 
19 23 1 16 14 21 7 26 4 
2 4 19 26 9 6 14 11 16 
20 6 13 25 3 1 23 18 16 
6 15 25 11 27 9 23 3 21 
2 25 19 12 27 23 10 6 14 
11 3 23 21 26 6 1 17 13 
13 22 2 11 26 8 16 20 24 
1 3 24 26 7 20 22 13 9 
8 3 24 13 6 22 19 11 16 
6 9 11 20 1 18 16 24 3 
8 14 6 22 2 12 25 17 20 
6 22 12 19 26 15 17 10 4 
25 1 13 16 3 22 10 5 18 
6 12 25 23 9 16 1 21 3 
3 18 6 13 15 8 27 11 23 
21 7 19 11 1 23 25 27 9 
9 20 15 27 22 6 4 12 1 
11 9 24 1 27 19 5 17 21 
20 17 27 3 11 1 23 13 8 
20 1 14 5 22 9 24 16 18 
6 27 12 10 25 21 19 1 14 
25 27 10 3 20 7 14 18 5 
18 3 27 14 25 1 22 11 16 
19 13 16 6 27 22 11 4 2 
27 5 12 7 9 1 20 17 14 
8 24 11 27 22 5 19 3 13 
10 7 1 3 17 19 22 27 15 
27 16 7 25 5 23 18 12 14 
12 4 8 16 18 1 6 20 24 
21 19 17 26 15 1 8 24 13 
5 22 14 11 20 7 1 17 9 
12 27 9 1 6 20 3 17 22 
21 25 18 16 14 23 11 6 4 
15 2 4 6 17 25 10 23 12 
5 8 26 21 18 2 16 24 14 
17 12 1 5 3 10 20 14 8 
13 15 10 8 26 24 17 4 2 
18 13 10 6 21 3 23 27 1 
8 20 1 3 16 14 26 5 24 
12 22 15 10 1 24 6 8 18 
11 4 19 15 17 21 9 23 1 
12 10 24 8 6 19 15 21 1 
27 20 9 7 25 18 15 11 5 
11 17 22 26 6 15 8 13 19 
17 21 12 7 5 27 15 23 19 
10 16 14 6 2 21 8 25 27 
27 22 13 24 3 1 15 6 11 
5 13 9 24 16 27 11 1 20 
18 3 24 8 6 1 21 16 10 
27 20 11 6 18 22 25 16 9 
26 11 19 3 9 24 14 22 7 
9 6 18 2 12 14 25 16 4 
12 20 4 14 9 1 26 24 6 
15 24 19 7 10 12 1 22 26 
19 7 12 9 17 21 23 3 5 
17 21 2 15 25 19 6 9 11 
26 20 24 8 12 2 10 17 15 
6 15 27 1 23 17 13 10 20 
24 8 5 3 10 14 20 26 16 
13 15 20 6 24 10 18 4 2 
1 11 22 8 26 13 6 15 18 
20 12 3 24 27 17 22 15 1 
23 6 9 20 27 3 11 1 25 
11 16 8 14 2 4 20 27 6 
12 24 15 18 3 1 27 8 21 
10 18 14 20 3 1 5 26 24 
21 5 16 25 19 13 8 2 27 
12 16 26 3 20 10 23 6 8 
27 22 17 14 2 11 8 20 6 
8 1 17 6 21 26 24 3 13 
2 15 24 4 10 6 21 8 27 
5 22 3 1 11 25 8 27 13 
24 3 7 12 22 16 19 1 27 
1 10 16 5 7 23 26 18 21 
2 27 16 24 9 13 11 6 19 
11 13 2 4 27 19 21 17 8 
7 3 24 16 18 9 26 11 5 
24 6 1 4 16 26 13 11 8 
21 23 4 12 25 8 16 19 10 
1 12 5 7 27 15 3 9 25 
9 18 21 4 12 27 23 7 16 
7 24 4 18 5 3 17 9 23 
23 14 26 14 12 23 1 24 12 
6 22 16 5 26 9 14 10 6 
23 8 8 16 6 16 23 15 20 
5 18 17 19 26 13 21 11 10 
20 6 5 4 16 25 27 12 6 
15 21 8 16 5 17 24 15 5 
25 10 15 8 5 10 6 12 23 
14 16 27 5 12 25 5 24 2 
11 19 18 25 27 16 9 4 16 
2 20 6 2 9 14 11 14 20 
18 25 16 21 26 17 14 3 18 
15 10 12 2 20 21 19 22 5 
20 13 25 7 16 23 4 8 4 
21 26 18 16 22 18 10 3 9 
13 3 1 10 23 21 18 12 27 
1 13 6 15 9 23 18 1 7 
16 17 19 16 10 26 26 18 15 
12 12 9 3 14 6 26 1 21 
3 11 7 12 1 13 12 14 11 
17 10 9 2 18 3 4 20 12 
2 24 14 23 6 8 2 2 22 
4 5 21 20 9 5 13 10 11 
14 3 17 24 2 8 24 17 23 
16 27 26 8 5 20 3 18 21 
19 27 7 27 20 1 21 9 6 
22 12 19 2 4 23 2 20 4 
4 27 3 19 9 14 23 25 20 
19 22 19 9 15 22 17 22 7 
13 17 2 8 4 2 16 26 5 
2 1 21 25 2 18 27 22 26 
24 2 5 17 4 4 9 8 25 
14 20 14 2 6 3 11 22 6 
23 13 1 22 18 25 6 12 2 
9 12 17 13 13 15 12 11 24 
8 9 22 3 19 20 16 5 26 
8 1 4 23 8 18 21 12 3 
11 10 6 15 25 10 8 21 1 
3 3 16 8 21 24 25 14 24 
14 5 5 4 2 10 9 9 9 
24 8 25 13 21 6 6 14 3 
2 4 14 22 16 19 20 4 4 
11 2 21 25 3 23 16 2 21 
4 26 3 15 10 16 23 11 19 
27 4 1 14 15 16 6 20 15 
14 11 4 2 16 27 6 6 7 
14 27 16 14 7 13 13 15 1 
16 25 17 20 6 19 22 12 1 
2 6 9 17 14 9 9 11 22 
9 7 17 24 5 19 6 7 5 
24 5 21 3 25 1 21 25 3 
12 19 3 6 3 20 22 9 22 
20 25 18 13 4 3 9 10 17 
11 19 9 18 11 17 17 3 18 
8 19 12 12 14 5 16 6 7 
9 19 9 20 12 5 22 6 6 
3 11 13 18 1 11 12 5 11 
7 18 16 24 10 1 20 20 15 
18 7 12 16 7 7 16 3 17 
7 7 11 17 10 22 4 5 3 
20 14 7 4 23 23 9 22 2 
15 5 1 24 27 20 13 27 9 
19 8 17 8 12 8 2 22 10 
23 8 26 11 23 7 4 27 17 
21 12 7 4 15 26 26 10 6 
1 18 14 4 6 17 3 1 26 
20 18 10 9 11 13 20 8 9 
8 22 17 22 2 18 10 22 9 
3 13 4 22 3 24 2 1 22 
5 23 10 27 5 13 2 3 9 
21 12 3 9 12 23 20 21 13 
13 22 19 7 21 14 22 23 24 
8 1 5 23 21 25 20 6 20 
5 21 17 19 3 16 12 26 23 
12 1 9 20 7 23 23 14 1 
25 23 18 21 14 24 17 16 27 
21 2 21 4 11 1 8 25 14 
22 21 14 27 9 17 26 24 5 
22 26 3 23 3 26 13 13 8 
19 24 26 3 4 6 22 10 16 
7 3 13 17 21 6 17 22 13 
8 5 21 12 6 22 17 15 4 
22 21 17 15 9 3 14 5 3 
7 13 12 15 14 9 26 12 17 
5 8 11 7 27 17 18 21 3 
19 21 22 22 5 10 10 19 3 
11 14 15 1 14 16 14 5 21 
14 10 3 15 8 20 22 17 24 
23 6 9 23 12 16 10 17 21 
11 11 5 17 6 25 3 26 5 
13 9 7 4 10 26 12 25 20 
21 8 5 3 19 19 18 26 19 
4 15 18 7 24 13 10 9 27 
15 20 7 3 16 25 5 16 11 
1 8 19 13 3 25 12 7 6 
10 17 10 18 5 3 9 1 13 
17 20 3 27 24 16 7 14 22 
23 26 3 2 6 18 6 26 12 
8 5 13 8 20 9 22 24 7 
4 10 5 16 27 11 1 2 25 
