1000
12 14 10 1 7 4 20 26 16 
21 16 9 3 23 19 1 11 7 
22 1 14 5 10 8 27 12 18 
16 25 19 1 23 8 27 21 5 
16 14 24 5 9 21 2 12 19 
6 2 22 19 17 24 4 9 11 
15 13 19 5 7 21 9 23 27 
13 8 26 18 22 3 10 24 15 
5 14 17 10 26 12 22 20 24 
13 16 6 22 24 19 2 4 26 
14 26 8 11 18 24 6 20 22 
1 16 21 18 25 3 5 27 12 
6 17 1 13 26 21 15 8 10 
7 3 1 12 23 26 19 16 9 
9 11 15 19 23 6 27 4 2 
3 7 1 14 11 9 26 17 21 
2 14 20 12 10 6 24 26 16 
23 13 25 27 5 15 8 1 20 
13 6 3 26 8 16 19 1 24 
14 4 16 6 22 8 26 12 1 
12 24 21 1 26 10 19 5 14 
9 6 16 1 27 25 12 3 23 
3 11 5 21 25 27 19 23 1 
8 6 3 19 1 16 27 24 10 
5 12 2 9 15 27 18 23 25 
27 21 23 6 12 18 4 14 16 
24 11 1 8 6 22 26 15 18 
18 14 12 8 21 5 26 16 23 
6 24 17 10 26 4 20 1 14 
5 14 16 24 21 11 7 9 2 
14 20 3 7 22 27 1 11 17 
25 2 10 23 6 27 13 21 15 
1 19 17 7 24 4 26 15 10 
6 13 11 22 9 18 1 24 16 
21 16 11 9 7 3 18 27 25 
23 5 7 1 9 16 3 19 11 
7 24 18 1 9 16 12 3 27 
12 14 5 16 20 10 25 23 1 
5 20 10 16 14 12 3 1 8 
24 11 15 1 5 8 19 22 27 
2 10 21 12 27 8 24 6 14 
9 14 24 12 20 18 3 22 1 
27 21 15 11 13 6 1 9 17 
27 17 19 15 5 13 24 9 22 
1 14 20 3 5 16 26 22 24 
27 18 25 23 9 3 16 5 20 
26 9 13 24 7 15 17 21 5 
13 10 5 8 24 27 16 22 2 
4 7 26 24 15 19 10 1 21 
21 23 16 6 9 26 2 12 19 
3 24 1 22 14 6 27 11 17 
24 5 3 19 11 27 15 7 9 
25 14 16 5 7 18 27 20 1 
21 13 19 27 8 23 2 5 17 
8 10 16 5 24 20 22 26 12 
14 6 12 4 2 22 8 27 20 
10 27 3 1 24 13 7 17 21 
25 1 27 23 19 5 16 10 14 
13 6 10 26 16 23 8 20 18 
3 5 24 17 11 13 26 1 19 
24 21 3 16 11 14 9 19 27 
20 25 8 18 5 27 22 11 13 
10 21 7 27 1 23 14 4 17 
6 21 18 27 13 16 10 8 3 
19 2 11 21 13 15 27 17 24 
13 24 2 20 4 15 11 22 18 
1 27 11 5 20 18 14 23 25 
13 20 4 22 1 11 18 26 6 
1 17 27 10 7 15 23 12 4 
22 11 24 3 20 7 5 9 15 
14 12 19 17 27 5 3 8 24 
16 11 8 25 19 3 13 6 1 
22 8 12 17 14 5 27 25 20 
2 26 18 14 10 6 8 21 12 
21 18 15 1 9 4 6 12 23 
24 5 12 7 20 2 18 10 27 
12 3 26 1 18 8 24 10 14 
25 19 23 27 8 5 16 12 1 
24 27 17 5 12 10 22 20 7 
19 14 12 24 26 1 7 4 21 
2 10 25 20 27 17 8 5 22 
7 26 22 16 1 24 14 11 19 
7 22 20 17 27 2 4 9 15 
5 7 10 16 20 18 14 25 1 
18 3 9 27 7 15 23 21 5 
6 21 1 23 12 14 18 10 8 
10 7 4 25 19 1 27 15 17 
17 6 3 27 1 8 25 11 20 
6 2 27 8 10 14 24 22 18 
3 24 18 5 26 20 8 14 16 
27 22 16 4 14 25 7 11 18 
6 17 19 22 14 24 4 2 27 
3 7 1 17 15 13 5 27 24 
15 1 19 24 13 17 21 8 4 
8 14 1 18 26 16 12 24 22 
9 2 24 16 20 7 27 14 12 
16 26 1 10 5 3 19 14 23 
3 1 21 26 12 24 16 19 9 
10 2 17 5 25 21 19 8 15 
25 3 19 27 16 5 11 7 14 
14 17 5 10 1 23 19 26 3 
16 19 26 9 5 7 11 2 23 
13 11 18 3 9 5 22 27 16 
16 14 9 11 4 27 7 21 2 
27 13 3 11 17 1 5 9 15 
12 27 9 15 22 5 18 7 20 
3 11 23 5 7 13 16 1 21 
16 12 26 21 9 7 24 4 19 
20 4 14 12 1 18 23 6 27 
27 18 8 13 22 20 4 11 6 
22 9 15 3 18 11 5 24 13 
13 20 4 10 8 15 2 23 17 
21 13 16 23 6 4 1 9 18 
27 6 15 18 25 20 1 9 23 
10 16 23 27 6 2 8 20 13 
12 24 14 10 16 26 18 22 1 
6 20 2 14 10 25 22 12 27 
2 15 20 23 27 4 9 11 7 
1 23 21 3 7 26 10 13 5 
25 12 5 17 3 22 19 15 27 
5 22 10 20 7 13 17 3 26 
3 5 23 7 10 26 16 13 18 
26 22 2 17 15 11 24 9 20 
8 26 21 14 4 24 1 19 10 
9 12 2 18 7 4 27 24 15 
27 15 2 13 18 21 4 23 6 
8 18 22 27 5 24 20 15 11 
14 27 7 19 2 11 5 22 16 
14 22 20 9 12 7 26 5 1 
12 3 23 21 8 10 6 26 14 
19 21 17 8 6 11 13 24 1 
19 27 1 23 10 15 21 3 8 
24 9 27 17 7 22 1 19 11 
27 19 24 5 17 11 22 3 7 
8 16 25 3 11 20 13 6 18 
16 2 22 27 12 24 8 6 20 
23 15 17 21 1 8 3 13 27 
23 7 21 19 15 5 12 25 9 
7 1 18 13 4 21 9 11 15 
19 14 17 21 23 1 7 27 12 
9 1 27 20 25 22 7 5 17 
1 11 21 4 15 24 9 6 17 
11 9 13 2 26 17 23 5 7 
5 12 23 10 21 16 25 1 3 
16 10 8 4 21 6 27 24 14 
26 1 8 22 12 18 10 15 3 
24 2 19 13 26 10 16 5 7 
12 6 10 8 14 2 26 23 21 
18 9 12 20 5 27 2 25 14 
16 7 1 19 9 14 25 22 27 
5 25 19 13 27 16 7 1 22 
9 25 19 12 2 7 4 23 21 
13 21 18 3 1 16 6 9 24 
5 26 18 24 8 12 2 21 16 
17 8 20 14 2 27 22 25 12 
26 16 12 14 3 7 9 24 21 
20 15 8 23 27 6 13 11 18 
1 13 19 23 16 21 10 27 25 
8 13 3 27 24 5 18 16 11 
1 17 20 8 23 3 14 6 27 
5 24 14 12 9 21 26 17 2 
2 8 25 6 27 10 21 17 14 
22 3 19 12 26 24 9 16 6 
1 27 18 9 22 24 13 20 7 
19 6 17 8 26 3 24 10 15 
9 26 5 20 7 23 2 15 11 
14 23 6 20 10 26 4 12 8 
22 6 16 24 19 2 9 11 26 
12 15 10 22 24 8 2 18 5 
1 15 24 10 3 21 7 19 17 
8 25 14 17 23 12 27 3 6 
19 16 10 25 21 1 3 5 27 
15 26 8 10 20 18 12 1 22 
1 27 5 15 23 11 25 7 13 
4 22 2 12 27 18 8 25 16 
3 16 12 19 10 14 27 7 24 
8 12 25 4 14 21 1 18 23 
1 4 23 8 27 15 17 11 21 
27 18 8 22 13 11 20 6 15 
7 14 3 20 12 26 10 23 17 
22 26 15 7 17 24 2 10 19 
27 23 4 1 17 15 6 9 21 
18 13 1 20 10 3 15 5 22 
7 1 3 10 14 21 19 25 5 
22 1 3 9 20 7 27 14 11 
9 14 2 20 12 25 27 5 17 
20 27 23 25 4 6 1 12 8 
3 5 18 24 21 11 7 26 15 
13 15 17 10 2 19 27 24 4 
17 1 15 25 5 13 21 9 23 
27 9 15 23 13 4 21 11 25 
24 18 8 14 4 10 16 22 26 
9 17 27 25 22 6 20 12 1 
6 11 18 27 3 20 13 23 1 
23 15 25 1 13 27 5 9 3 
26 10 23 7 13 5 15 21 18 
19 23 3 10 12 1 25 17 15 
14 20 23 8 26 3 10 1 17 
8 23 3 27 25 20 1 16 5 
23 2 7 12 20 9 4 16 26 
4 24 6 8 1 27 12 15 17 
1 23 11 21 18 27 16 14 25 
6 15 11 2 24 22 9 4 26 
25 20 12 27 10 16 1 14 8 
26 11 9 24 14 21 2 7 19 
22 14 1 18 8 25 6 3 12 
15 12 17 2 6 10 4 8 19 
24 18 16 3 14 9 6 1 21 
19 4 13 23 15 21 10 2 8 
15 12 1 24 8 5 26 21 3 
13 1 27 3 15 18 5 8 20 
21 12 9 1 6 27 25 19 16 
14 9 16 11 25 3 21 19 6 
14 18 5 16 27 2 25 12 7 
26 15 18 24 4 1 22 12 20 
2 18 4 6 24 20 16 10 22 
1 5 17 19 24 21 3 10 12 
12 10 8 5 17 23 14 25 21 
11 13 7 24 3 16 21 5 1 
1 8 15 12 20 17 3 10 25 
25 6 18 14 11 2 27 4 22 
25 13 18 16 5 3 22 7 20 
5 13 1 11 26 22 7 19 16 
8 22 11 24 2 16 13 20 26 
10 1 6 19 15 24 27 12 22 
6 24 18 8 16 13 22 27 2 
8 11 22 20 26 2 6 14 18 
5 25 3 7 17 1 11 20 27 
14 19 16 2 8 12 21 27 25 
6 25 16 12 14 10 4 8 23 
13 1 24 15 18 26 9 22 3 
24 9 13 27 6 15 20 1 22 
8 22 11 6 16 4 2 13 18 
21 25 19 3 13 1 5 17 9 
1 25 19 23 27 7 10 15 13 
11 6 20 22 18 27 8 13 2 
21 15 1 19 12 24 6 3 17 
5 27 18 7 20 10 15 23 13 
8 1 3 19 23 12 16 6 21 
22 24 16 18 12 14 7 2 20 
14 3 27 7 25 17 21 12 5 
18 27 22 6 2 16 4 20 25 
6 1 25 3 9 16 11 18 21 
13 9 11 24 17 22 4 27 15 
26 17 19 13 23 2 21 11 5 
18 9 23 2 11 5 16 13 26 
1 3 5 9 20 13 11 24 27 
23 25 3 10 1 8 27 16 13 
4 13 18 27 2 8 11 16 22 
20 9 6 22 18 24 15 26 4 
18 16 8 3 13 11 6 22 27 
13 5 1 17 26 8 22 24 10 
7 11 22 17 9 1 15 27 25 
16 8 13 27 25 22 11 6 4 
23 21 19 16 1 12 25 3 10 
13 5 1 26 7 22 19 24 10 
13 6 4 1 20 18 25 10 22 
4 20 11 16 25 13 1 8 22 
6 18 10 24 8 4 26 13 15 
10 15 20 18 7 24 5 27 12 
16 6 18 9 14 24 3 20 1 
18 14 1 22 9 5 16 11 26 
25 19 22 27 16 3 1 11 9 
27 23 21 13 15 25 19 9 6 
12 10 20 26 4 22 24 7 1 
17 4 21 6 9 19 25 27 12 
5 23 2 19 9 11 25 27 21 
13 17 8 23 2 27 19 5 25 
1 6 18 20 12 16 14 9 25 
4 12 25 14 21 1 9 18 16 
27 25 17 9 3 20 5 11 15 
10 7 20 18 12 15 3 25 27 
22 15 20 5 24 8 10 27 13 
2 7 5 13 16 24 26 11 21 
12 1 25 23 5 8 19 27 15 
11 6 20 16 27 25 22 4 1 
7 4 27 25 20 15 22 10 18 
8 24 12 14 1 16 3 27 19 
17 21 1 5 27 7 10 14 23 
20 11 22 7 17 15 9 27 24 
3 9 26 15 17 19 12 1 21 
16 22 4 18 24 27 10 2 7 
11 3 16 27 13 24 18 1 9 
20 4 9 18 1 22 7 16 27 
5 27 25 23 18 20 11 9 1 
20 15 10 7 5 22 12 27 24 
15 1 26 6 3 17 11 23 21 
9 11 4 27 7 16 14 19 22 
2 12 20 14 6 18 24 8 27 
21 17 19 10 2 13 26 7 23 
14 23 18 9 11 7 20 25 3 
8 15 13 3 1 19 25 17 22 
19 1 8 14 17 22 3 27 6 
12 26 20 15 5 18 1 8 23 
3 26 23 9 7 5 20 11 18 
12 17 21 23 1 3 19 10 25 
8 16 2 19 10 27 13 25 22 
16 23 26 12 9 14 3 7 21 
9 25 21 2 18 23 12 16 27 
13 8 23 4 25 10 6 2 18 
27 10 18 8 24 12 3 6 14 
1 26 23 7 14 17 11 9 4 
6 10 3 8 13 27 17 15 1 
22 4 9 16 2 19 24 7 27 
18 9 1 11 3 5 14 22 20 
8 4 18 24 2 15 13 6 21 
3 27 18 6 16 12 25 9 22 
21 24 17 26 10 2 13 19 4 
9 17 27 11 1 22 4 6 15 
5 17 12 8 10 26 14 19 21 
15 5 3 13 7 17 21 23 19 
16 3 12 10 1 22 18 14 27 
6 10 27 20 16 3 12 18 22 
13 11 15 3 1 18 5 20 27 
27 13 4 11 25 15 1 20 17 
27 8 6 11 19 14 4 21 25 
22 24 20 4 18 26 1 14 7 
5 7 15 1 22 3 25 13 19 
4 21 12 24 2 10 18 15 8 
13 3 15 8 10 1 20 25 23 
14 9 16 1 21 6 3 23 12 
20 4 6 23 13 8 27 1 11 
12 19 1 10 21 23 3 17 5 
2 12 5 21 10 23 27 19 14 
26 9 24 13 21 15 3 5 19 
15 3 23 8 5 25 21 10 17 
17 11 27 15 5 13 9 22 2 
18 7 5 10 21 23 13 16 2 
5 27 18 1 9 14 25 7 21 
21 17 8 14 19 1 6 4 11 
15 7 17 3 10 21 23 13 19 
3 24 5 10 8 20 14 1 22 
15 8 5 1 18 25 27 21 12 
6 23 9 1 11 25 20 14 4 
14 22 24 7 5 2 20 27 18 
1 25 15 5 7 17 22 19 10 
5 10 3 21 1 15 7 27 12 
2 19 22 8 27 16 4 25 6 
17 4 19 8 1 10 22 13 6 
15 3 24 6 18 8 13 27 1 
27 21 12 10 23 1 18 25 15 
14 9 25 27 11 4 21 1 18 
24 13 22 8 10 2 18 27 4 
14 21 19 8 6 3 24 16 12 
1 17 3 27 9 15 19 11 6 
12 3 24 8 19 10 5 26 21 
3 1 16 5 20 22 14 24 12 
4 2 18 16 13 22 8 11 26 
14 17 10 20 1 22 8 26 3 
1 5 17 25 11 21 3 19 23 
27 5 11 7 13 25 23 15 20 
19 25 7 1 27 23 21 5 11 
10 8 4 24 18 2 27 15 20 
3 14 18 5 7 21 23 27 11 
21 8 5 11 27 23 16 13 19 
15 13 11 2 23 9 21 5 18 
15 13 5 24 8 22 20 27 17 
13 6 9 4 22 24 16 20 27 
6 8 25 10 27 2 4 18 14 
27 19 12 10 21 7 23 3 25 
17 1 19 21 27 10 23 25 7 
6 4 11 9 19 13 22 16 24 
19 15 21 17 6 2 12 24 8 
27 1 19 21 5 8 10 25 14 
19 23 13 21 3 16 5 8 25 
17 13 9 21 27 11 7 3 19 
13 1 11 16 19 7 9 27 24 
13 7 9 20 15 26 18 24 3 
2 22 15 4 24 8 6 12 17 
11 6 27 9 24 2 20 17 22 
9 26 14 12 1 18 6 16 4 
13 6 22 10 4 15 8 20 27 
6 15 19 3 10 23 8 12 1 
16 19 25 21 23 6 3 13 27 
14 8 1 10 16 5 24 19 12 
12 21 3 10 16 19 25 1 14 
9 17 21 5 7 19 13 26 11 
5 18 20 23 11 13 16 1 3 
10 3 26 12 5 19 14 21 24 
24 12 7 17 14 22 27 4 10 
20 13 1 4 6 8 18 15 27 
3 26 1 23 13 5 18 7 9 
6 21 17 4 2 14 12 26 8 
24 7 9 22 27 16 20 13 11 
4 6 10 12 8 2 15 22 27 
1 7 20 16 26 22 9 3 5 
11 15 23 1 8 27 6 3 21 
26 18 7 16 14 24 12 5 2 
27 7 16 24 3 19 1 11 14 
8 22 6 24 1 10 27 20 3 
23 20 4 17 15 27 6 11 9 
15 24 4 26 6 13 8 22 2 
17 25 23 1 12 27 19 3 21 
25 5 1 7 18 3 9 12 20 
2 8 17 21 25 19 10 4 12 
27 25 5 18 20 3 14 12 23 
13 11 1 27 19 21 3 5 9 
1 11 8 4 17 24 14 19 22 
2 18 11 16 26 8 6 14 20 
2 20 5 22 18 11 27 24 15 
8 2 25 22 20 12 27 15 18 
9 15 11 13 17 1 23 20 25 
20 11 22 16 9 24 3 14 7 
7 12 14 1 18 9 23 25 16 
17 27 14 6 4 19 21 24 2 
1 6 25 4 18 27 13 15 10 
25 9 7 3 15 23 18 11 5 
5 18 27 7 3 25 1 22 9 
21 9 19 3 24 11 1 16 14 
22 3 6 26 8 18 14 20 16 
22 27 18 20 25 10 16 3 14 
24 3 15 13 1 27 9 11 22 
6 19 24 22 1 12 8 10 4 
6 1 20 13 27 8 4 24 10 
3 26 19 7 17 13 24 22 15 
10 2 24 7 21 13 18 15 4 
7 1 9 17 4 21 14 24 26 
9 18 27 14 20 16 11 24 2 
22 20 7 27 24 9 1 5 16 
6 23 13 10 2 27 25 8 19 
5 9 20 13 25 3 1 15 18 
25 13 1 8 5 21 27 19 16 
4 14 21 10 18 8 23 16 12 
12 3 19 21 14 8 1 5 23 
22 6 16 8 19 1 12 26 10 
22 12 27 16 14 9 5 18 2 
11 17 1 8 15 4 25 23 21 
25 23 16 27 8 1 18 6 12 
24 18 9 5 20 22 2 14 16 
27 2 22 18 4 14 6 16 8 
5 17 3 7 11 1 20 24 14 
23 20 14 25 12 6 1 18 8 
16 20 6 4 26 22 10 24 13 
9 2 21 5 25 13 11 17 27 
22 1 26 13 8 10 24 6 3 
26 7 24 11 15 22 1 3 18 
3 16 5 27 11 9 14 19 25 
3 23 18 5 9 27 20 14 1 
22 7 9 5 16 13 3 24 26 
27 3 17 22 6 1 8 20 25 
10 8 5 16 21 3 25 19 27 
8 16 10 2 20 25 18 13 4 
25 10 27 20 6 8 22 14 4 
13 27 24 9 1 6 18 20 22 
9 1 26 24 20 14 3 5 18 
8 14 3 23 19 21 25 10 27 
10 27 23 25 1 14 8 16 20 
21 1 15 3 7 26 13 11 9 
27 10 1 19 4 21 17 13 6 
27 19 25 21 10 17 14 5 2 
16 26 24 12 21 19 8 10 4 
9 17 24 26 1 5 12 7 15 
6 12 17 8 27 20 1 10 14 
25 15 7 21 18 9 23 1 12 
27 17 1 12 23 9 3 15 19 
12 8 17 25 3 19 1 15 6 
27 19 10 23 21 1 25 12 14 
16 3 27 11 24 20 18 5 8 
15 5 1 17 19 11 13 8 25 
1 8 18 14 20 10 3 24 22 
12 2 9 17 27 6 20 14 24 
8 3 27 11 17 19 24 14 1 
1 25 16 7 3 18 11 13 23 
26 7 10 3 20 24 13 15 18 
21 6 18 23 27 12 25 4 16 
1 10 15 8 17 25 27 5 20 
10 27 15 8 5 22 3 13 24 
27 15 3 22 19 24 17 11 7 
12 14 9 27 19 17 21 2 5 
7 26 21 17 5 3 1 24 14 
11 8 22 6 1 3 26 17 15 
10 24 5 17 22 14 26 8 12 
25 3 23 1 13 19 15 11 17 
1 12 4 18 27 10 21 6 24 
1 3 11 6 27 16 25 23 8 
23 12 5 26 8 10 3 14 17 
17 20 24 1 15 27 5 8 13 
23 13 21 17 4 19 6 25 1 
22 3 27 11 5 20 24 13 1 
21 26 1 7 24 4 19 11 14 
17 9 15 5 2 11 20 26 7 
13 10 24 27 1 8 3 15 19 
21 9 7 5 3 19 17 26 13 
7 3 5 25 10 18 12 14 1 
27 12 10 19 25 4 1 14 22 
13 20 1 25 27 17 8 10 23 
17 7 15 11 24 22 9 5 1 
26 18 11 1 6 20 14 24 22 
6 3 8 1 13 17 15 21 24 
16 5 18 8 13 23 26 20 3 
10 3 27 20 14 8 23 12 1 
6 8 2 4 27 19 13 11 15 
7 11 13 5 25 1 16 23 27 
2 15 20 27 8 22 18 4 13 
8 19 23 10 6 16 12 1 27 
22 18 9 6 3 27 25 13 15 
12 16 20 1 22 10 3 25 18 
5 7 3 24 19 11 26 13 16 
5 21 16 13 23 25 7 2 19 
17 7 11 25 13 3 1 5 23 
9 18 1 24 3 11 14 22 7 
8 16 25 1 14 10 27 6 4 
27 22 3 19 9 14 12 17 5 
1 6 24 12 14 3 18 16 26 
23 18 13 27 21 8 1 10 25 
13 7 9 23 5 17 19 26 15 
10 1 5 8 21 25 19 3 12 
8 12 25 27 10 23 15 17 4 
20 1 5 16 8 27 14 18 25 
5 1 19 24 22 3 10 26 14 
10 6 20 23 13 25 27 2 17 
11 18 5 2 15 22 9 26 20 
7 27 21 5 13 25 10 3 17 
22 3 19 15 17 25 8 1 6 
11 14 2 16 23 18 21 6 4 
1 13 11 22 18 27 9 4 15 
27 5 25 1 12 15 17 8 21 
16 24 8 3 19 1 12 10 22 
1 10 8 13 18 22 4 26 16 
20 14 1 26 16 5 24 18 10 
6 1 17 15 26 8 19 23 4 
17 23 8 25 19 1 11 3 27 
19 16 27 3 22 24 1 14 11 
6 11 15 20 8 2 22 17 27 
27 8 17 2 20 11 13 6 25 
15 18 13 26 4 10 1 24 6 
15 10 13 6 25 19 3 27 8 
14 27 2 6 12 20 8 23 4 
25 9 2 13 21 27 6 19 23 
8 27 11 2 17 20 15 5 13 
27 16 6 13 20 18 24 8 11 
16 7 14 1 21 26 3 9 12 
2 19 14 24 22 7 17 10 5 
5 27 24 18 10 3 16 8 12 
19 16 27 3 7 5 12 14 1 
24 13 1 26 15 10 22 3 20 
1 24 3 19 5 21 7 26 10 
11 13 4 20 24 8 22 2 16 
25 7 14 5 16 11 23 19 2 
27 1 13 15 23 17 5 11 20 
9 24 26 18 3 1 15 22 12 
24 17 3 1 22 15 6 9 11 
2 12 18 21 16 8 10 6 26 
19 4 23 6 21 8 2 26 11 
8 6 27 16 22 4 18 2 11 
23 4 7 1 15 9 25 18 27 
16 9 22 11 14 1 3 5 26 
3 7 18 15 23 27 11 20 1 
25 6 4 27 14 8 12 19 2 
14 22 2 16 24 18 4 20 11 
18 3 9 21 11 13 1 25 27 
16 21 18 13 4 25 23 6 11 
11 15 21 1 23 3 27 13 8 
20 13 11 7 1 22 3 26 17 
3 25 21 16 10 27 8 18 1 
25 8 1 3 23 14 21 17 6 
16 9 22 20 2 13 27 11 18 
27 1 17 10 15 3 13 7 21 
26 4 10 12 2 21 16 14 24 
8 10 27 24 4 17 20 2 6 
12 9 17 4 27 6 14 21 2 
23 5 14 21 10 18 7 25 16 
11 16 13 8 21 5 2 19 27 
8 13 23 16 4 2 20 25 10 
7 14 16 1 25 11 9 18 3 
14 6 23 21 11 3 16 26 19 
24 19 13 1 11 4 9 15 27 
4 11 16 25 6 18 9 14 1 
6 1 9 4 15 11 27 23 19 
20 8 25 1 22 3 18 27 12 
14 16 22 9 7 5 1 19 11 
22 6 2 24 26 10 18 8 13 
19 10 8 13 25 2 6 21 17 
8 4 10 12 16 2 27 14 24 
3 13 9 5 7 11 15 1 26 
23 8 18 6 27 21 3 13 11 
9 6 20 13 27 22 1 18 11 
23 4 21 18 11 8 27 14 16 
17 13 9 4 20 24 26 1 6 
12 24 22 19 14 4 10 6 8 
15 20 11 3 5 24 22 9 26 
22 20 18 16 25 12 6 27 9 
27 8 17 2 19 10 12 5 25 
22 20 27 2 25 8 10 4 14 
14 18 22 16 9 25 4 7 27 
1 13 27 11 18 21 8 3 16 
22 15 13 18 6 20 10 25 27 
5 13 1 7 22 20 24 9 3 
11 13 9 4 2 24 27 7 18 
24 19 4 13 16 6 22 9 1 
20 18 8 25 16 23 13 3 1 
3 8 20 1 22 27 25 13 15 
3 24 8 11 27 6 1 19 14 
10 13 4 6 25 22 27 8 16 
10 22 8 1 20 16 18 24 5 
5 22 13 24 27 11 1 16 20 
4 17 12 26 23 14 10 1 20 
5 22 27 7 10 3 20 12 14 
11 15 13 23 2 21 25 6 27 
1 21 18 12 15 27 9 6 4 
25 8 19 6 17 27 2 10 12 
13 10 1 25 15 22 5 8 17 
1 21 13 10 17 15 27 4 25 
12 3 22 14 18 24 8 5 20 
9 26 20 6 11 22 15 18 2 
27 4 12 18 16 6 14 10 24 
8 5 26 19 1 16 13 10 3 
9 20 7 18 12 22 15 3 27 
17 27 9 19 25 13 7 2 23 
14 12 3 7 20 17 22 9 27 
11 17 25 19 14 5 3 22 7 
9 27 16 7 19 21 1 23 3 
21 7 23 5 9 16 18 27 3 
17 23 9 13 19 4 21 25 27 
2 27 5 16 14 19 25 10 12 
2 6 11 14 20 8 27 23 18 
27 18 10 6 8 14 12 21 2 
10 21 27 13 7 23 5 3 1 
10 5 3 12 24 22 7 1 26 
3 20 10 12 6 8 27 15 24 
20 7 1 24 9 27 12 14 16 
27 1 4 22 15 13 17 11 19 
16 24 26 14 3 19 8 12 22 
19 12 16 5 14 24 9 7 21 
20 6 18 27 4 9 2 14 22 
14 17 22 2 26 24 9 19 11 
25 5 23 27 1 8 11 18 15 
16 3 20 5 9 24 26 12 18 
22 27 10 7 20 24 3 14 12 
6 27 11 3 8 15 1 24 20 
27 9 12 19 1 23 3 5 14 
23 15 5 2 9 12 19 27 7 
7 14 11 23 16 25 21 4 27 
25 3 13 8 27 16 6 1 23 
1 3 7 24 15 11 21 27 13 
18 13 24 5 26 20 2 7 10 
24 11 19 1 26 3 7 14 9 
7 16 2 27 10 18 12 22 5 
12 25 22 17 2 10 6 19 27 
27 25 14 5 8 21 2 17 11 
19 1 3 22 11 15 6 25 17 
24 26 2 4 8 16 20 22 11 
18 8 20 27 6 4 16 10 14 
14 12 18 26 9 6 3 1 23 
7 25 19 23 14 3 5 16 10 
5 22 27 1 15 20 7 13 3 
1 5 9 17 12 27 14 20 22 
27 6 18 10 25 21 15 4 1 
23 19 12 27 17 25 4 21 6 
13 11 8 22 20 15 6 24 18 
14 16 10 26 8 24 22 20 3 
17 6 21 8 23 1 4 19 10 
18 21 16 8 23 27 1 12 6 
9 23 13 11 16 20 18 2 7 
10 27 6 24 22 14 12 19 16 
26 13 23 8 15 3 5 1 11 
17 1 10 5 23 27 8 15 20 
24 4 19 21 26 2 6 9 17 
13 3 5 11 9 27 16 1 25 
18 15 10 1 6 21 8 12 23 
14 1 12 18 24 21 26 16 3 
11 9 26 13 5 15 23 1 21 
25 20 14 22 18 16 1 9 6 
25 23 7 15 9 19 17 2 11 
11 1 17 5 22 9 3 25 7 
3 15 5 8 27 23 25 11 13 
11 3 26 21 19 17 8 13 5 
5 3 15 1 19 13 21 10 17 
27 1 3 7 20 5 14 11 25 
15 24 12 6 19 26 2 17 21 
5 21 9 13 19 17 24 15 1 
12 16 26 8 18 20 23 5 2 
5 26 17 20 24 13 15 8 10 
18 11 16 23 25 20 14 8 3 
18 4 6 20 16 14 26 10 22 
24 4 21 2 13 11 18 15 7 
9 3 20 25 15 17 22 7 5 
21 12 10 2 23 14 6 4 25 
20 13 24 17 26 7 3 5 15 
24 13 9 5 11 21 16 7 3 
17 22 10 24 6 19 2 13 27 
25 20 27 9 18 22 2 6 11 
20 25 18 15 2 4 6 12 8 
23 7 21 13 5 3 11 15 26 
1 22 25 8 17 15 27 13 19 
4 9 18 7 13 1 20 25 16 
10 3 23 26 5 18 13 8 16 
23 10 27 14 17 25 6 3 1 
2 10 12 16 21 18 5 14 27 
17 1 23 21 7 13 11 27 15 
2 15 20 13 11 26 24 17 6 
7 1 22 25 13 27 16 3 5 
23 12 5 20 16 27 3 25 8 
13 22 20 10 1 25 7 3 27 
27 22 16 9 13 2 5 24 7 
3 16 10 24 5 1 18 26 12 
14 27 19 5 7 10 16 24 1 
23 1 14 7 5 26 20 9 3 
23 7 25 18 11 21 9 4 16 
3 16 7 20 22 10 12 14 24 
5 20 14 12 23 8 26 18 2 
27 8 25 22 10 16 1 14 3 
19 10 4 15 13 24 6 17 8 
22 18 2 4 24 20 7 11 27 
22 16 24 3 8 5 14 12 18 
22 3 1 26 5 19 7 15 17 
17 5 12 10 7 19 2 23 25 
15 10 2 5 8 22 17 13 25 
26 22 20 11 24 3 15 1 6 
1 16 9 12 25 22 5 3 14 
10 7 1 3 22 16 5 14 12 
7 1 20 24 22 26 13 4 18 
25 27 3 18 14 9 7 21 12 
23 21 4 8 10 15 25 19 13 
15 13 8 1 3 11 27 21 18 
3 5 22 19 8 12 1 14 27 
14 7 27 4 18 22 2 16 9 
27 22 7 13 5 1 24 3 19 
17 23 6 26 10 14 2 8 21 
15 11 17 13 4 1 22 9 26 
18 2 12 7 16 5 9 23 25 
4 2 25 12 15 23 10 20 7 
5 11 16 13 8 1 26 24 3 
27 10 12 6 25 8 16 4 22 
15 2 19 8 22 17 11 4 26 
20 27 5 1 18 23 14 16 25 
15 2 25 13 19 5 10 21 27 
18 4 13 27 6 22 15 8 10 
12 9 14 16 2 27 21 25 7 
18 20 4 27 10 16 6 23 13 
21 19 8 13 27 15 17 25 1 
26 17 12 7 9 2 24 22 15 
7 20 16 27 11 1 25 3 23 
14 18 20 4 8 24 11 22 1 
15 24 11 1 13 22 4 6 26 
27 25 13 3 17 22 5 9 15 
13 1 9 18 3 21 11 5 27 
22 8 1 18 15 10 6 25 3 
8 26 4 18 15 11 6 13 24 
26 13 3 17 5 8 23 11 21 
22 26 4 12 18 20 14 7 9 
18 13 22 26 24 1 7 10 4 
27 25 13 21 15 10 8 17 3 
12 17 20 27 22 1 25 5 3 
25 11 3 9 15 23 6 19 1 
24 22 15 7 5 20 1 17 10 
6 11 13 17 4 21 9 2 24 
8 11 23 3 20 17 25 15 1 
26 13 16 21 4 23 9 19 7 
8 3 16 6 21 13 19 11 25 
5 27 19 23 7 17 1 14 9 
9 12 21 16 18 3 25 1 14 
8 25 1 11 17 6 27 19 14 
9 16 27 18 20 22 14 12 5 
17 6 10 4 2 19 8 26 12 
9 13 19 23 6 4 15 26 11 
25 9 4 16 20 14 11 1 27 
27 25 20 18 4 9 6 22 11 
14 17 4 23 25 21 7 2 12 
2 21 17 26 9 19 7 12 24 
6 21 25 19 11 23 4 27 2 
9 2 15 7 18 4 24 12 21 
23 7 10 4 16 27 25 13 18 
22 18 1 5 11 3 14 9 26 
14 6 8 25 21 10 17 12 1 
2 19 24 21 15 27 11 13 17 
9 24 20 22 6 18 1 3 13 
6 1 8 4 15 23 18 11 26 
16 18 27 10 5 25 8 14 23 
13 15 17 10 27 7 19 25 22 
3 25 15 5 20 17 1 22 9 
17 23 6 26 2 10 14 8 19 
18 15 13 8 3 22 27 11 5 
18 15 8 6 1 27 20 23 11 
9 19 24 14 7 12 3 17 27 
16 18 8 5 14 21 25 12 10 
26 5 2 16 18 21 7 14 11 
27 24 8 22 2 18 10 6 12 
19 8 21 11 17 1 4 24 15 
27 24 16 6 4 13 20 18 1 
2 24 11 7 20 15 5 9 26 
23 2 10 8 18 21 13 27 5 
13 27 10 6 20 8 25 4 18 
15 5 23 7 1 13 19 9 27 
12 14 1 18 5 21 9 7 24 
11 25 17 13 23 4 15 1 8 
9 22 12 1 6 18 27 4 14 
9 3 13 15 1 18 11 26 5 
2 11 23 16 5 25 19 13 21 
6 10 24 27 4 19 21 17 8 
16 11 19 4 27 21 25 14 8 
8 6 10 13 20 22 4 1 16 
12 1 21 24 3 15 17 27 9 
10 3 26 16 5 23 13 7 18 
12 18 20 4 8 2 26 16 24 
14 22 11 27 20 6 24 17 1 
5 7 3 27 12 16 20 23 18 
17 13 2 26 19 7 21 4 24 
19 1 14 7 5 12 22 17 24 
27 3 19 7 1 11 25 9 21 
6 17 8 10 13 27 25 19 15 
19 11 7 25 17 21 23 5 13 
13 16 22 11 4 6 25 20 27 
22 19 16 27 3 5 1 25 7 
11 19 23 6 4 8 21 27 25 
7 26 5 21 11 19 1 24 15 
1 4 13 11 21 19 16 27 23 
27 10 18 6 22 25 4 20 16 
14 12 24 16 26 5 20 1 8 
16 8 13 2 26 10 20 6 22 
16 18 4 8 2 26 14 22 24 
8 25 16 18 10 13 22 27 4 
6 11 25 1 19 27 15 8 3 
18 11 7 22 24 4 14 2 20 
2 11 25 7 16 18 9 5 21 
26 19 16 7 4 24 9 12 2 
27 19 4 13 8 24 6 21 16 
20 25 18 12 10 27 16 22 6 
1 16 19 21 27 4 25 23 13 
2 13 27 9 7 21 11 19 16 
13 16 1 24 7 5 10 26 20 
4 27 8 13 20 11 6 16 2 
5 9 12 27 25 21 7 3 19 
9 15 19 1 24 27 6 12 22 
4 24 12 8 10 21 17 14 1 
22 14 6 26 11 16 3 8 19 
11 7 9 18 25 1 27 3 21 
2 7 27 9 5 20 25 17 15 
16 11 9 22 25 1 13 5 27 
10 12 27 14 17 6 23 25 2 
4 20 24 10 6 13 2 18 16 
13 8 4 25 11 6 19 23 21 
5 10 8 14 1 12 27 21 18 
5 14 27 21 11 1 23 25 8 
5 23 12 14 17 25 10 1 7 
10 17 8 20 14 25 12 6 1 
3 18 26 24 10 6 21 14 16 
14 6 3 26 17 24 20 8 11 
26 16 24 5 13 11 9 18 21 
12 7 24 26 10 19 2 21 15 
5 1 10 7 24 13 20 18 3 
13 16 25 8 11 18 20 22 4 
24 9 5 15 2 22 27 20 11 
5 16 8 3 27 18 13 10 23 
27 22 14 10 8 6 3 24 17 
17 27 1 19 8 21 11 4 23 
3 8 5 1 14 24 19 16 11 
18 13 9 24 22 15 27 3 6 
2 27 17 24 7 22 11 15 9 
7 14 9 2 16 18 24 22 5 
13 15 21 10 7 24 26 18 4 
15 17 20 5 11 1 13 23 8 
27 14 8 2 20 12 25 22 16 
1 15 3 7 9 5 22 18 13 
4 2 12 19 23 15 17 8 10 
7 26 13 23 16 11 2 4 20 
3 9 26 19 16 24 22 14 5 
12 2 23 19 14 7 10 25 27 
1 13 6 18 27 25 16 4 8 
27 4 25 8 22 6 19 14 1 
27 16 19 1 14 24 22 12 5 
6 4 15 12 18 1 23 21 10 
23 14 8 6 2 21 27 25 4 
16 13 20 3 8 1 24 18 27 
11 2 13 17 25 27 4 23 6 
18 2 10 14 8 20 26 22 5 
9 3 22 12 6 24 18 16 27 
26 14 16 3 18 5 1 23 20 
22 2 13 20 5 17 9 27 24 
23 18 15 8 13 26 1 4 10 
18 1 7 13 27 10 5 25 23 
5 16 10 7 14 21 18 23 26 
21 1 14 27 11 16 5 18 24 
10 4 12 20 18 22 16 8 27 
2 27 23 16 11 6 25 8 13 
17 6 4 27 15 19 24 12 21 
27 18 24 3 14 9 22 20 12 
25 15 10 19 17 3 13 7 22 
21 19 9 26 24 5 7 15 2 
9 17 2 7 19 5 15 24 27 
20 27 4 15 22 25 2 8 6 
20 10 18 5 26 16 12 3 1 
24 17 20 7 26 10 14 12 22 
24 4 21 17 12 10 2 27 19 
26 5 22 9 1 15 13 24 17 
6 22 11 16 25 18 13 8 27 
3 26 24 1 14 16 5 10 20 
2 6 14 12 9 17 4 26 22 
19 14 22 11 27 25 4 7 2 
5 23 10 20 14 27 8 3 1 
9 20 7 1 26 3 23 13 11 
7 11 22 20 3 1 17 9 14 
27 15 7 12 20 1 9 22 5 
1 16 13 8 4 27 23 25 19 
14 19 27 3 7 1 10 25 22 
23 8 12 16 1 21 14 5 27 
13 8 20 2 22 15 10 5 24 
21 12 19 27 15 4 6 10 8 
14 10 22 16 1 26 7 3 24 
13 15 6 8 10 3 20 17 1 
9 7 19 27 11 24 3 21 16 
14 6 8 4 21 27 17 19 10 
9 1 6 19 21 27 14 25 12 
9 14 1 23 25 27 3 20 18 
6 20 10 2 22 12 16 24 4 
16 27 21 3 25 14 1 12 7 
20 1 8 25 6 16 18 23 3 
10 14 22 3 20 16 5 1 7 
17 15 1 7 27 19 11 21 24 
7 1 17 5 26 13 11 19 9 
27 6 1 19 21 9 4 11 24 
1 3 9 27 18 21 5 13 23 
15 2 12 24 17 20 6 10 27 
27 9 20 11 6 22 1 4 15 
19 23 27 1 4 11 9 7 25 
22 6 8 15 24 26 20 17 10 
22 1 24 18 10 27 4 15 12 
2 8 18 13 26 6 11 24 20 
24 6 14 27 1 19 4 12 16 
4 23 20 7 26 10 16 1 13 
26 24 19 22 12 4 17 7 14 
15 13 6 9 22 27 20 25 4 
27 15 19 13 25 2 10 21 8 
9 4 7 20 24 22 17 13 11 
15 6 3 25 9 19 23 1 11 
7 17 5 26 12 3 14 19 1 
24 27 22 16 10 14 5 19 8 
25 8 21 27 13 15 19 17 23 
3 5 13 8 20 22 18 11 15 
24 15 19 4 10 17 22 8 6 
25 8 17 20 27 6 12 14 1 
27 14 22 24 9 5 7 12 18 
6 16 18 1 12 10 24 8 26 
13 25 9 11 20 7 23 15 4 
13 8 5 16 25 10 22 27 1 
6 13 16 10 22 8 26 24 4 
1 20 15 8 6 13 27 18 23 
22 20 27 1 18 10 16 24 13 
11 1 23 25 14 19 5 7 21 
2 22 20 17 26 12 14 10 5 
14 8 20 22 2 12 25 10 16 
26 24 12 4 2 8 15 19 10 
10 19 27 3 12 5 17 7 24 
7 21 18 9 25 23 16 4 27 
24 19 11 7 4 1 26 13 17 
3 14 6 16 1 10 18 27 12 
7 20 18 9 22 24 12 1 14 
25 12 7 22 19 17 1 9 14 
16 14 27 9 19 4 22 1 24 
10 3 12 27 1 5 24 7 18 
21 12 10 23 6 14 26 4 2 
17 6 2 20 9 4 22 11 15 
27 25 12 7 3 5 18 9 16 
9 17 27 23 14 6 21 25 2 
8 10 27 25 21 23 2 6 16 
16 14 10 24 27 22 2 12 4 
18 23 1 21 16 9 27 13 6 
12 6 2 8 17 20 14 4 23 
21 18 16 14 11 1 23 5 26 
5 27 21 1 13 15 10 7 24 
11 27 16 21 25 13 23 6 3 
27 9 22 15 19 11 3 1 24 
24 19 4 22 10 26 6 1 12 
17 24 27 7 3 14 10 12 5 
24 22 4 13 8 2 11 6 18 
18 9 11 23 15 13 4 21 26 
20 8 1 12 6 22 18 27 14 
21 13 1 6 16 11 27 19 3 
1 21 16 9 11 14 6 27 18 
9 4 2 26 16 21 14 12 19 
18 14 25 23 1 11 20 9 6 
20 27 18 3 23 9 5 7 25 
9 4 13 15 27 6 18 24 2 
17 21 11 23 25 1 15 6 4 
6 19 16 4 14 9 2 11 27 
14 1 5 10 25 12 21 8 3 
24 26 19 21 1 3 14 10 6 
20 14 2 22 4 6 11 17 24 
27 21 16 19 1 25 4 13 23 
14 17 6 20 10 8 3 25 22 
1 8 22 19 27 6 24 14 4 
15 5 8 1 25 13 23 3 18 
20 23 27 14 10 2 16 7 4 
16 3 19 26 21 1 10 14 12 
3 19 1 10 17 12 8 22 26 
1 3 6 24 20 22 27 11 16 
1 7 21 27 14 23 12 10 5 
24 8 27 21 18 1 13 11 4 
27 4 11 2 15 6 24 22 9 
6 24 10 1 26 14 8 18 22 
6 4 25 13 20 18 27 15 8 
16 14 4 12 19 26 1 7 24 
11 5 22 20 16 3 25 9 1 
5 3 16 26 23 20 10 18 13 
6 15 27 2 19 17 9 24 22 
2 25 16 19 14 11 22 8 27 
19 7 16 14 21 23 5 11 9 
1 15 9 13 19 27 23 7 17 
6 22 9 19 16 24 4 12 27 
18 6 21 16 14 8 2 10 12 
19 15 6 25 16 5 14 3 20 
16 25 20 5 5 14 24 21 1 
25 10 6 22 5 25 14 11 20 
2 16 6 17 13 16 22 19 14 
17 18 10 6 27 15 10 7 1 
26 13 21 7 15 8 26 17 24 
17 2 10 6 9 23 5 1 1 
20 10 4 25 14 9 19 12 13 
21 10 12 7 21 18 23 25 3 
11 1 14 12 21 7 19 27 10 
23 27 18 24 15 15 4 20 21 
19 6 2 13 21 18 3 4 20 
15 18 4 24 2 22 11 11 19 
24 21 15 17 20 21 20 17 1 
27 6 24 26 7 11 26 27 21 
14 11 12 19 21 2 6 18 19 
25 25 17 7 19 17 12 3 22 
16 5 3 16 12 11 27 14 24 
12 5 5 22 9 1 5 18 16 
8 15 15 14 9 25 11 11 8 
14 1 14 27 11 16 6 18 8 
2 25 23 19 26 4 6 6 18 
27 6 12 3 27 14 18 21 6 
7 21 23 1 13 23 3 20 4 
1 15 27 7 13 7 10 3 9 
24 10 14 2 21 4 15 3 27 
2 17 17 26 7 17 16 24 21 
8 20 6 1 15 16 15 10 24 
8 25 18 27 13 8 22 17 6 
3 27 4 11 2 27 3 14 23 
23 10 23 17 24 17 23 26 11 
21 20 25 27 17 10 18 10 13 
2 18 24 21 26 16 21 8 21 
9 27 5 10 21 23 21 10 24 
10 2 10 26 11 12 27 13 7 
25 23 14 9 17 1 12 25 24 
9 16 10 6 19 19 20 10 23 
1 17 12 23 12 9 27 26 2 
21 16 11 1 18 17 17 25 17 
13 5 18 17 15 16 24 1 25 
10 27 2 11 18 6 5 25 3 
27 21 2 23 12 12 11 8 4 
25 12 19 4 23 16 15 20 12 
13 10 4 14 15 14 21 22 21 
10 4 3 23 24 23 19 24 9 
13 25 24 10 8 6 21 1 25 
21 20 6 22 2 10 11 7 25 
6 21 26 11 26 13 13 6 21 
9 13 5 25 12 25 12 7 7 
15 15 26 4 25 8 12 19 14 
12 20 23 21 4 4 21 15 27 
4 21 21 7 9 17 3 6 3 
19 23 2 27 3 19 7 27 11 
7 15 10 18 14 16 19 23 16 
9 15 22 19 2 12 15 1 27 
21 11 10 3 16 8 13 3 27 
11 11 4 9 22 7 10 24 14 
26 9 24 25 2 22 9 3 26 
19 27 13 23 13 5 2 7 15 
11 11 7 8 14 6 14 19 21 
27 13 7 19 13 19 13 12 7 
14 6 15 24 25 16 20 12 1 
4 17 20 17 13 18 27 14 7 
5 26 12 20 16 9 19 1 20 
25 11 3 13 2 26 3 18 8 
16 1 15 8 27 18 18 14 17 
23 9 15 2 19 9 22 3 4 
8 23 26 6 8 9 6 22 26 
5 25 8 7 15 25 13 5 1 
7 5 6 19 5 14 20 5 10 
15 27 26 14 4 18 23 18 22 
5 7 17 3 6 16 24 14 5 
3 25 10 23 1 26 1 21 16 
4 24 26 17 7 20 15 19 13 
11 11 25 23 6 11 22 7 19 
15 2 9 8 8 13 7 13 17 
23 18 22 20 2 11 1 3 8 
19 20 7 22 12 17 7 27 11 
6 13 6 8 16 1 20 7 8 
2 26 10 14 12 25 7 24 18 
11 24 16 7 12 11 21 10 14 
3 6 2 22 18 25 25 12 8 
1 8 4 9 24 16 24 17 20 
15 23 27 26 1 27 19 11 3 
8 13 19 5 8 13 25 19 8 
27 10 10 9 24 26 9 22 19 
21 20 2 15 26 5 6 12 8 
27 4 10 6 19 4 27 13 21 
21 20 6 15 15 22 13 9 20 
16 23 15 17 17 15 21 6 13 
18 9 25 17 19 9 5 22 2 
3 4 6 13 16 12 5 23 8 
19 26 3 25 25 17 3 16 23 
13 14 24 11 17 13 16 18 20 
5 21 12 19 18 3 17 15 9 
20 24 7 22 12 11 10 24 7 
8 11 6 8 15 8 2 23 19 
26 23 2 22 17 18 20 20 3 
18 11 15 9 5 12 2 26 22 
19 23 26 5 11 14 9 10 23 
26 27 16 26 6 18 13 14 10 
1 12 27 10 19 6 14 1 2 
20 27 1 1 7 2 4 4 4 
11 15 3 24 22 15 11 22 19 
25 12 9 7 4 26 26 13 16 
10 22 11 12 1 17 17 19 19 
2 17 15 9 23 14 13 17 11 
1 14 14 24 6 5 26 24 16 
17 18 4 19 22 20 9 25 2 
12 21 3 3 15 21 24 25 24 
21 4 13 11 5 22 20 25 27 
17 19 27 5 25 10 6 16 15 
5 17 4 16 9 11 22 7 6 
1 13 8 25 17 1 22 24 22 
21 10 11 23 25 18 25 4 12 
22 21 15 25 5 21 10 1 12 
16 14 21 11 19 18 24 4 24 
11 27 27 9 23 25 7 27 11 
4 1 19 10 11 10 26 4 20 
17 19 21 15 6 11 12 24 13 
22 16 11 25 5 1 4 15 10 
26 2 14 19 8 24 22 6 23 
6 21 10 23 23 4 1 25 1 
6 1 19 18 26 11 5 24 13 
16 7 16 8 20 12 18 16 13 
13 24 18 9 9 24 3 14 1 
19 24 2 21 17 8 8 11 22 
4 13 6 22 25 6 24 17 1 
18 14 3 4 13 19 27 21 8 
17 7 3 13 22 11 16 16 15 
4 3 16 20 24 24 4 18 11 
4 10 8 18 25 23 14 14 9 
21 11 7 10 12 16 24 8 20 
25 20 16 19 5 17 19 6 26 
7 24 21 9 5 6 16 1 24 
9 5 16 2 21 15 6 9 23 
24 14 15 24 23 17 6 23 6 
11 15 9 11 4 15 13 22 10 
27 4 20 27 8 25 2 9 24 
6 12 12 18 18 11 24 10 3 
24 4 24 17 6 23 9 12 7 
24 5 15 26 12 2 15 17 23 
17 24 27 20 9 14 15 16 21 
18 1 15 21 4 22 16 8 10 
21 20 14 3 27 4 6 25 21 
13 26 15 25 15 10 22 1 14 
6 26 18 3 1 2 15 26 15 
5 13 22 27 27 19 1 10 15 
11 12 16 11 19 10 21 23 15 
3 21 5 8 27 2 15 9 8 
23 4 15 18 14 8 15 14 2 
7 27 18 9 10 12 12 26 27 
26 25 7 6 7 17 13 11 23 
15 27 26 3 13 7 13 26 21 
24 4 16 9 17 1 13 16 7 
19 3 6 15 18 22 4 2 19 
25 14 21 7 25 16 20 27 16 
3 2 27 16 22 27 12 13 20 
18 21 10 1 2 17 13 17 4 
8 4 26 18 13 18 12 21 24 
26 25 18 20 15 24 9 10 25 
18 3 9 17 10 25 1 21 21 
14 2 7 8 14 22 17 25 15 
15 7 17 26 17 25 16 2 4 
9 26 9 25 21 11 16 5 5 
26 22 8 10 8 4 8 8 25 
23 8 5 26 17 15 10 18 26 
1 11 3 15 5 3 4 2 22 
2 24 26 3 23 12 1 15 6 
10 18 18 18 16 4 27 5 8 
24 7 20 24 14 27 8 22 2 
11 14 5 6 17 19 23 11 10 
22 5 7 3 11 23 21 14 2 
26 20 10 24 6 1 4 17 26 
11 25 4 18 18 13 10 17 21 
19 17 23 24 7 26 23 1 5 
10 20 21 25 21 13 24 10 12 
6 25 22 14 1 25 11 1 7 
22 27 12 7 8 24 5 24 13 
24 6 8 1 20 5 17 7 26 
10 12 2 4 27 5 9 2 10 
9 8 20 12 19 9 24 12 20 
10 16 13 3 18 8 11 10 1 
9 22 27 16 1 7 4 10 24 
24 2 21 16 3 12 17 24 23 
22 5 24 18 18 1 25 11 1 
4 1 5 27 15 11 27 10 27 
19 7 25 5 25 23 14 24 25 
27 18 16 5 10 12 2 5 5 
9 18 8 22 3 19 11 22 3 
8 25 2 24 5 20 26 27 19 
14 16 11 17 5 8 14 25 18 
3 27 5 20 21 13 8 6 11 
1 22 9 15 22 5 8 2 27 
5 4 19 20 23 18 17 5 9 
2 15 1 14 4 25 3 22 2 
3 2 20 11 4 11 13 5 9 
19 6 9 24 13 3 7 20 8 
16 2 10 11 16 17 10 22 14 
25 26 9 16 24 5 3 4 24 
17 16 18 17 22 4 24 13 10 
9 16 15 1 1 8 7 20 18 
23 9 22 21 2 20 4 6 17 
11 13 17 15 18 24 14 7 22 
13 24 26 12 22 20 13 13 13 
25 15 16 6 11 6 15 16 8 
23 8 6 5 7 4 5 9 9 
1 17 24 16 2 11 22 23 16 
7 19 23 4 3 8 25 27 23 
5 23 10 10 13 20 22 2 13 
26 3 8 20 9 12 9 26 27 
25 22 25 18 7 19 6 7 2 
1 20 23 25 24 8 26 21 1 
7 17 13 10 14 16 27 1 18 
21 3 24 16 19 9 2 21 19 
1 19 6 11 22 9 11 13 23 
25 2 7 26 8 11 15 5 23 
25 20 24 26 21 19 8 19 25 
4 3 10 3 2 7 17 16 5 
17 21 25 8 10 4 9 4 6 
21 25 11 11 19 26 22 10 15 
10 24 11 21 10 10 21 1 14 
27 11 5 5 24 24 12 22 25 
10 13 12 7 25 3 3 27 5 
2 20 4 14 24 20 17 15 25 
12 3 14 25 6 20 4 14 16 
16 15 20 4 12 12 16 23 9 
16 22 5 23 3 13 5 15 22 
3 7 3 4 19 6 13 4 26 
13 12 24 14 13 16 7 21 22 
20 3 10 3 20 19 26 19 20 
18 25 24 21 19 12 22 6 8 
20 10 14 1 24 7 14 4 6 
1 3 17 17 27 7 1 24 11 
15 19 16 5 13 11 23 23 4 
23 10 10 21 23 22 19 8 1 
27 24 20 2 13 25 18 16 18 
21 5 14 1 21 20 19 24 7 
18 20 7 4 11 24 13 25 23 
5 5 15 15 7 21 24 15 6 
2 24 24 17 4 5 7 20 8 
2 26 18 20 3 24 12 17 2 
5 4 27 2 1 9 23 10 26 
20 12 14 3 13 25 27 17 20 
6 22 17 5 6 15 26 9 12 
21 26 2 10 14 2 6 19 13 
20 13 4 13 7 24 1 1 17 
3 17 8 1 2 13 15 18 4 
25 8 16 16 10 26 17 17 5 
15 3 7 21 12 4 16 4 1 
25 1 23 16 23 27 26 21 19 
17 6 9 5 21 10 15 5 24 
19 27 16 14 21 14 3 22 4 
3 7 17 26 2 10 6 1 8 
4 13 21 22 7 6 23 12 5 
16 2 6 10 15 16 8 10 17 
11 15 7 4 17 4 9 5 5 
10 15 25 2 12 23 5 23 10 
20 12 16 2 15 25 6 8 3 
1 12 21 8 12 22 13 8 7 
18 27 2 26 25 15 2 10 10 
17 1 7 23 12 27 24 3 7 
7 25 13 8 27 24 8 5 24 
10 4 1 3 7 2 26 12 2 
8 15 9 1 13 17 7 22 25 
19 7 18 3 21 10 15 3 11 
20 18 16 10 10 27 7 8 11 
10 9 24 6 4 9 1 11 3 
9 18 8 15 24 26 15 26 26 
16 24 13 1 23 9 12 2 25 
11 14 3 19 12 12 9 23 25 
9 1 14 22 11 4 11 13 13 
1 10 22 22 13 3 5 13 8 
10 6 1 12 15 16 16 15 26 
2 27 23 22 6 12 11 3 18 
15 17 9 25 1 5 5 6 17 
1 12 13 15 1 6 10 5 17 
17 1 24 11 7 25 23 4 13 
16 20 18 6 21 23 12 7 10 
11 19 7 19 16 4 20 4 5 
10 17 2 5 23 3 18 7 8 
7 7 3 27 7 23 13 25 27 
25 22 2 21 15 20 1 16 23 
18 13 18 27 9 1 13 5 19 
13 25 7 4 3 21 23 22 12 
22 7 4 8 13 9 7 20 21 
8 4 5 8 17 27 17 9 6 
24 20 24 22 18 4 23 10 8 
7 3 22 5 19 5 22 6 9 
23 8 4 21 1 1 7 12 20 
20 27 4 20 15 4 4 6 14 
22 13 11 1 3 1 13 16 4 
13 24 20 21 20 15 11 12 5 
11 13 12 7 4 4 20 24 3 
23 6 15 27 18 11 16 10 13 
19 7 9 12 5 23 13 26 2 
3 11 23 6 3 2 23 20 19 
4 24 23 22 27 9 22 26 18 
1 2 27 7 23 1 13 14 26 
17 13 27 2 13 23 25 10 5 
2 3 15 24 10 14 7 14 26 
23 2 19 15 19 7 27 5 8 
23 21 12 27 11 14 9 14 8 
10 7 22 15 3 13 9 21 16 
21 22 22 23 13 3 16 7 9 
4 20 9 16 9 1 18 1 19 
26 25 5 19 1 2 21 24 18 
11 23 12 10 4 4 9 5 14 
3 4 4 5 4 19 7 18 13 
16 15 9 2 1 5 22 15 8 
2 26 17 3 3 19 8 1 10 
12 8 4 3 13 18 24 26 2 
1 19 7 5 7 22 15 27 8 
24 27 1 12 23 17 21 15 4 
18 17 19 7 10 12 2 24 5 
8 4 7 27 18 12 24 27 8 
27 8 23 22 26 22 25 3 19 
4 13 17 27 2 13 26 21 3 
3 8 7 7 5 1 20 22 1 
24 11 12 14 12 27 5 9 14 
22 12 24 6 8 1 8 12 8 
27 12 11 17 1 21 15 16 27 
19 20 3 7 7 8 25 2 19 
24 1 17 4 2 15 14 13 24 
17 12 27 6 6 17 14 16 6 
23 4 16 22 22 22 20 15 2 
9 8 1 19 16 3 13 7 13 
15 25 3 26 14 27 26 17 27 
21 22 24 22 18 23 7 8 12 
14 12 11 26 14 3 4 12 15 
4 20 7 26 22 6 16 20 26 
13 16 8 25 27 1 19 14 23 
1 14 4 26 14 15 2 15 22 
12 15 1 2 2 5 3 2 22 
22 9 21 14 16 21 5 16 16 
11 18 11 12 4 12 19 3 19 
21 5 12 17 15 19 24 26 23 
25 23 26 17 20 17 11 23 11 
9 2 10 24 8 5 18 11 16 
3 16 18 10 8 3 12 11 13 
8 11 8 19 4 20 26 7 23 
9 8 6 21 3 17 16 3 5 
3 11 5 4 13 7 11 16 26 
10 15 15 15 19 20 4 7 20 
15 11 7 1 18 9 9 18 20 
26 12 9 7 12 18 18 6 3 
19 13 4 24 19 21 22 23 13 
10 17 27 21 9 6 13 8 3 
15 3 19 11 17 18 5 5 21 
19 9 10 3 8 12 25 8 9 
18 12 24 17 11 22 5 8 16 
5 1 6 6 5 5 26 13 21 
14 24 6 19 13 9 25 1 16 
2 26 26 8 18 16 21 12 5 
3 5 25 9 21 7 14 24 14 
16 21 17 20 3 19 24 24 3 
7 7 12 12 13 25 22 19 9 
1 23 24 25 6 4 3 1 13 
25 22 23 27 4 6 27 9 18 
4 26 24 13 26 16 2 24 27 
1 8 15 20 14 23 25 10 18 
11 23 1 4 13 9 14 21 8 
21 25 2 16 27 16 7 25 2 
10 22 17 8 8 19 14 27 18 
5 25 23 3 5 15 22 11 27 
20 16 23 2 25 2 20 4 21 
10 7 25 20 5 5 24 10 22 
7 17 14 7 11 4 14 17 20 
1 7 19 17 9 18 14 17 18 
20 20 11 3 19 11 22 19 25 
19 1 17 19 12 16 1 19 15 
10 25 27 9 5 13 2 15 5 
20 27 20 12 7 13 15 22 17 
12 27 14 18 17 11 23 21 7 
5 19 27 26 25 6 18 3 16 
14 9 18 25 8 7 23 17 25 
1 5 2 27 1 14 18 16 15 
23 2 9 20 7 18 19 4 14 
5 19 3 5 26 5 17 6 6 
18 6 19 21 16 16 1 5 22 
15 7 3 12 26 7 12 13 8 
13 23 16 4 11 9 8 19 2 
25 1 13 13 8 10 9 10 16 
15 27 18 9 13 24 6 11 15 
9 13 25 14 18 23 6 12 9 
9 10 12 21 9 21 20 7 9 
22 14 1 2 19 10 8 2 10 
15 9 8 19 6 17 1 9 9 
23 6 24 5 1 21 23 6 17 
10 17 1 22 15 6 9 7 8 
24 26 23 16 18 5 10 2 19 
7 27 17 27 21 5 15 20 26 
3 2 25 4 17 9 12 27 4 
7 10 14 8 24 26 21 22 21 
22 23 16 3 12 9 7 11 4 
6 23 18 24 22 11 3 23 15 
20 12 6 16 8 4 21 19 4 
22 2 20 22 20 12 15 15 21 
8 1 14 12 12 1 17 21 1 
20 23 1 14 6 7 15 17 18 
11 6 11 9 3 13 21 20 5 
20 5 7 7 5 20 14 3 4 
5 1 6 24 24 20 6 13 3 
26 6 19 18 8 21 17 24 24 
22 24 6 4 6 21 10 9 22 
17 7 20 9 21 18 4 20 27 
9 7 18 15 26 15 27 12 1 
21 7 15 9 4 23 14 6 26 
26 21 4 27 18 20 22 25 7 
4 9 15 8 24 20 22 7 21 
13 25 13 14 3 9 15 25 20 
20 14 20 1 27 4 11 20 9 
15 13 6 11 2 18 17 26 11 
16 9 26 5 7 20 23 14 22 
12 7 23 4 24 4 13 16 13 
18 13 1 3 27 23 22 10 11 
22 9 8 11 9 16 12 21 13 
12 27 3 16 17 3 8 17 9 
15 26 6 12 1 11 3 20 4 
9 5 18 16 22 21 3 23 10 
25 10 22 20 16 21 9 24 9 
21 14 11 16 2 11 17 17 22 
12 20 6 19 16 13 5 6 14 
3 2 15 17 3 5 3 13 26 
5 22 2 4 8 7 24 5 19 
11 22 10 18 2 26 20 5 13 
22 8 11 10 3 10 21 2 11 
11 27 17 22 10 8 16 5 18 
9 17 7 11 10 21 8 10 5 
5 26 2 22 12 1 21 26 23 
22 10 2 25 10 12 7 5 27 
15 3 20 19 21 26 18 23 17 
14 9 18 20 3 9 3 16 15 
19 22 3 25 24 1 27 6 5 
27 27 20 18 22 15 15 18 20 
11 8 23 18 24 23 4 24 6 
7 3 13 4 6 22 18 17 21 
19 15 22 24 24 5 7 26 26 
1 17 24 27 7 5 10 23 16 
2 18 9 15 16 4 7 3 24 
23 12 9 9 24 17 17 3 7 
4 21 24 17 25 1 3 26 20 
12 8 14 3 2 27 9 21 9 
9 9 25 1 9 7 16 12 20 
22 12 1 12 1 23 2 21 20 
15 25 19 6 10 2 20 27 9 
7 12 21 10 22 15 25 10 1 
10 3 8 17 19 1 20 20 13 
6 2 20 26 23 13 13 11 3 
13 16 5 16 13 7 24 26 5 
11 17 12 14 13 23 27 18 7 
20 5 2 10 18 23 9 24 25 
9 17 26 3 7 21 15 3 2 
11 20 6 10 1 8 4 9 3 
12 27 7 2 8 4 2 23 25 
4 15 26 16 26 15 9 10 16 
18 17 5 24 13 14 15 25 15 
4 18 23 12 20 11 22 1 9 
20 13 26 5 12 20 14 5 10 
6 1 26 10 8 20 19 19 13 
8 16 16 3 5 19 12 27 4 
1 24 11 26 22 27 23 13 26 
24 6 20 14 8 7 24 10 8 
10 8 4 17 25 21 14 26 1 
24 2 25 21 3 26 27 27 10 
6 16 6 3 22 8 2 18 12 
27 26 11 23 16 21 26 7 3 
20 6 10 26 17 6 18 20 21 
2 20 1 13 17 2 23 22 21 
2 16 13 14 19 7 5 13 8 
16 12 10 4 2 18 21 15 23 
20 19 27 21 3 24 10 17 25 
1 1 26 21 2 12 9 12 21 
24 8 9 5 21 1 19 8 19 
21 13 1 13 19 20 7 9 5 
14 4 20 14 1 7 9 15 10 
23 25 15 15 9 3 27 11 4 
11 23 16 16 19 15 21 18 7 
1 16 2 3 11 8 18 6 8 
14 13 6 22 3 17 15 26 12 
22 1 19 1 24 7 11 12 21 
16 21 27 2 8 17 16 8 15 
17 12 9 22 1 16 13 7 8 
21 16 19 1 10 1 15 10 26 
23 23 22 3 16 18 10 8 19 
19 24 20 22 19 26 11 20 5 
15 18 20 26 19 15 20 4 20 
24 27 23 7 4 2 13 4 12 
5 10 15 9 26 24 11 10 26 
27 9 7 14 9 15 22 21 20 
23 25 18 15 9 27 18 21 13 
22 2 19 26 14 17 3 6 6 
19 25 4 11 11 7 12 26 6 
19 3 25 8 2 8 12 5 3 
10 25 19 1 24 19 26 20 18 
23 22 18 5 5 5 11 16 12 
8 6 27 22 3 14 16 4 7 
6 16 12 13 9 16 5 27 21 
19 23 8 17 18 17 25 19 15 
1 26 5 21 14 13 26 2 6 
14 20 12 3 16 16 5 23 19 
4 2 10 10 6 9 15 11 27 
16 14 7 24 21 27 21 22 3 
27 4 25 8 3 17 10 21 19 
15 3 16 17 23 20 20 6 22 
18 26 3 11 16 21 2 10 18 
4 3 18 11 7 26 18 16 16 
2 7 4 22 2 6 9 11 22 
15 26 9 10 22 13 21 24 26 
6 24 20 27 2 12 15 9 1 
18 10 2 2 24 26 18 27 7 
12 8 14 24 8 5 18 23 26 
14 26 8 27 23 7 24 11 4 
7 25 11 20 13 14 24 10 8 
26 22 24 12 19 23 7 21 9 
23 9 9 16 11 15 11 15 17 
26 22 24 2 22 25 9 11 26 
19 10 20 2 23 20 1 6 5 
16 11 2 8 16 9 15 5 2 
7 7 19 21 14 17 1 24 2 
16 2 12 10 4 24 5 1 15 
25 16 23 4 3 18 17 17 17 
23 14 4 23 16 10 17 13 12 
11 5 1 10 15 11 24 6 7 
24 9 14 26 25 23 3 25 1 
12 22 2 8 6 26 10 26 5 
27 22 16 27 20 12 12 23 16 
2 9 13 2 20 6 23 22 2 
14 11 14 24 11 22 13 18 11 
9 20 14 3 20 14 21 2 20 
5 11 7 26 7 19 13 21 12 
11 9 11 6 24 14 15 11 14 
21 3 7 10 9 27 15 16 27 
11 6 12 4 4 19 27 18 24 
11 23 22 11 2 20 8 20 3 
16 3 18 18 10 17 8 13 16 
6 19 2 21 8 13 27 26 6 
17 27 25 27 26 24 16 21 22 
2 13 17 24 10 1 13 5 8 
16 26 17 8 6 12 17 8 15 
24 9 16 27 4 8 17 3 10 
9 9 26 7 5 2 14 3 27 
26 14 2 13 11 16 4 14 2 
25 13 1 15 24 5 7 13 15 
10 24 22 25 3 22 2 9 10 
11 13 1 19 13 6 6 25 10 
8 2 20 12 11 4 13 11 9 
12 27 8 22 21 8 7 21 18 
9 1 16 25 12 13 13 6 3 
3 19 1 27 20 19 2 5 22 
21 25 20 10 1 20 25 1 9 
9 2 6 25 23 9 21 2 26 
8 12 17 26 9 11 26 10 26 
4 23 21 5 6 16 14 4 8 
9 4 16 1 12 2 23 12 19 
17 6 11 12 4 9 10 14 7 
13 21 27 9 26 20 15 13 11 
15 7 4 14 6 26 20 1 25 
6 2 4 11 26 2 21 15 17 
26 12 18 3 27 9 13 10 15 
24 21 14 8 16 3 24 10 4 
11 15 6 22 13 23 15 17 11 
12 27 3 21 17 10 11 15 22 
24 23 8 3 14 10 23 20 7 
15 19 21 23 10 15 4 7 20 
5 2 12 7 15 1 13 5 15 
23 10 12 6 7 18 2 19 20 
26 24 3 7 3 25 10 15 13 
11 6 20 2 22 16 3 2 9 
3 19 15 14 27 6 8 16 22 
21 21 3 10 6 15 20 13 19 
27 21 13 2 22 7 7 22 11 
7 12 14 11 27 6 1 16 11 
27 12 15 13 20 27 20 9 15 
24 6 18 1 6 4 22 2 20 
27 27 27 22 9 23 27 8 22 
18 20 9 16 19 5 7 7 19 
19 1 11 4 16 20 4 8 7 
24 24 15 2 24 21 6 8 24 
8 23 5 24 18 18 16 3 10 
8 24 2 10 23 25 24 3 10 
25 3 22 18 10 16 15 12 15 
17 9 1 16 14 11 8 8 26 
8 10 20 3 23 15 23 1 25 
9 6 24 12 2 26 8 4 1 
4 26 6 14 1 23 1 25 3 
15 26 19 9 9 15 26 24 21 
23 1 6 8 27 15 4 11 16 
7 2 25 26 6 5 11 16 14 
7 11 3 9 15 2 25 13 13 
2 27 3 21 3 7 19 23 23 
6 2 13 7 25 3 24 2 11 
14 3 4 26 23 23 24 11 2 
26 4 27 25 13 1 7 16 1 
24 18 21 9 8 13 5 12 17 
25 9 9 20 9 18 6 20 2 
22 13 17 14 1 13 24 21 19 
9 13 10 24 23 12 15 16 16 
22 27 18 10 22 2 22 19 3 
22 17 25 27 9 5 15 4 5 
6 20 5 19 10 13 13 6 16 
12 18 4 12 27 20 9 5 2 
5 19 14 15 7 8 3 20 12 
15 10 17 24 19 25 11 16 12 
2 13 3 9 26 12 27 3 6 
7 7 22 1 10 1 20 17 14 
12 11 19 22 25 25 12 21 22 
13 13 25 27 18 8 18 9 8 
1 19 5 9 11 26 15 16 22 
2 7 24 25 27 3 23 13 1 
13 20 24 3 9 1 6 8 25 
14 7 19 1 25 16 11 4 17 
1 18 15 13 8 24 6 11 5 
20 5 24 21 5 21 18 3 6 
6 25 25 1 15 9 27 27 17 
14 19 12 18 7 25 12 16 11 
5 25 27 26 17 3 4 1 12 
13 25 7 16 22 17 22 12 19 
23 23 22 23 18 23 24 12 18 
15 25 25 16 13 6 23 27 23 
1 21 4 5 1 5 27 22 27 
9 23 20 15 8 20 16 10 6 
14 9 8 21 25 4 10 7 4 
6 9 3 25 23 18 1 5 3 
16 10 23 12 15 19 9 12 20 
25 27 10 20 24 18 26 11 1 
2 13 9 24 17 14 22 16 17 
15 20 17 14 27 3 20 24 25 
1 19 7 5 21 14 25 25 2 
2 9 12 25 17 1 3 20 22 
9 7 24 8 8 7 17 8 24 
22 1 6 26 22 16 24 21 17 
9 5 14 26 4 10 5 22 24 
25 21 1 21 10 10 5 11 21 
10 27 23 18 20 14 5 13 11 
21 6 4 27 2 27 3 14 1 
13 5 8 13 22 8 18 8 7 
15 27 6 21 23 9 7 27 6 
20 16 11 27 25 4 15 12 9 
21 26 11 1 18 4 19 4 25 
12 21 19 26 8 3 21 4 14 
9 5 25 19 26 18 13 13 17 
22 25 17 7 18 17 1 4 25 
3 18 7 24 19 16 18 3 15 
15 8 20 12 27 23 17 10 9 
16 5 18 22 2 3 26 15 15 
13 20 16 15 4 24 12 17 24 
14 19 17 27 2 2 26 21 27 
21 25 24 23 23 16 7 18 25 
21 17 2 3 11 22 26 14 6 
10 25 12 17 12 27 9 10 2 
18 25 14 24 12 25 22 21 3 
24 27 26 4 17 9 20 19 18 
27 2 27 5 20 15 14 12 23 
18 17 14 17 17 12 21 11 10 
10 8 8 24 25 6 7 8 17 
15 25 9 27 11 18 2 8 9 
25 12 3 13 9 16 12 22 4 
11 16 27 3 12 1 20 8 22 
1 4 19 15 19 20 9 4 3 
20 5 27 21 1 10 6 12 9 
7 15 19 16 11 11 15 26 23 
6 4 4 3 13 2 24 19 2 
12 1 23 27 27 20 7 13 22 
16 22 23 14 5 18 20 6 5 
9 14 18 13 7 9 15 22 5 
19 9 18 19 3 18 26 25 3 
19 12 11 15 26 18 3 13 14 
10 21 8 19 5 3 10 1 26 
6 14 4 27 18 22 9 2 1 
18 2 17 20 4 25 22 19 19 
9 8 10 5 7 15 18 2 26 
1 9 20 7 4 25 26 16 22 
17 13 22 3 24 19 13 21 16 
2 17 15 22 25 10 2 2 18 
11 14 25 25 11 14 24 1 11 
20 22 16 22 6 24 15 3 6 
9 5 16 11 2 15 26 7 10 
12 14 3 21 23 14 16 17 1 
8 3 1 16 20 24 10 5 8 
6 13 7 20 16 20 10 2 22 
17 8 5 10 14 4 6 12 9 
26 13 2 23 4 24 18 4 1 
15 4 23 24 15 13 13 26 3 
18 23 3 24 23 5 22 19 4 
22 11 6 5 27 2 23 5 27 
8 9 5 18 13 17 2 7 6 
19 22 5 9 25 6 19 5 15 
3 14 18 15 4 2 8 13 4 
7 27 13 18 6 3 10 7 17 
12 14 16 15 5 13 10 2 11 
2 3 16 18 7 22 12 9 2 
26 22 14 11 22 6 14 27 3 
17 23 4 24 16 1 6 4 6 
3 13 9 17 25 20 23 19 23 
4 4 18 11 20 23 15 27 13 
5 8 13 13 1 25 27 1 24 
27 10 17 8 18 22 12 3 21 
13 18 20 16 12 19 3 15 7 
27 15 10 18 4 7 1 19 5 
11 27 20 13 6 14 25 21 9 
8 3 22 12 24 19 11 18 14 
13 26 20 27 2 27 4 26 14 
21 26 17 22 5 1 16 26 26 
5 10 7 1 5 21 20 15 8 
24 9 13 21 21 25 3 19 19 
15 20 27 5 19 9 27 27 26 
13 3 9 23 27 3 18 19 21 
6 12 7 24 8 6 7 16 11 
15 7 3 9 26 12 3 17 12 
27 21 23 13 21 15 7 2 27 
8 19 18 25 27 2 26 3 25 
4 22 21 26 23 7 12 2 2 
5 24 24 5 16 23 1 9 1 
6 2 2 5 13 1 14 6 3 
13 19 4 4 18 20 18 11 20 
24 18 9 17 15 10 12 1 1 
21 11 22 1 17 23 26 1 13 
15 15 14 19 18 10 18 22 24 
5 16 12 25 16 15 24 12 15 
26 22 13 24 22 8 6 20 13 
27 25 26 15 10 26 26 16 21 
12 17 5 12 27 14 24 18 16 
1 21 7 7 26 5 18 20 21 
5 11 16 13 14 26 7 19 8 
8 24 13 4 24 18 6 11 6 
12 1 13 6 25 24 5 9 1 
9 21 13 6 18 4 16 1 16 
6 18 19 9 14 17 26 22 1 
22 27 19 9 14 19 9 4 25 
22 7 6 20 13 26 9 20 26 
18 8 18 21 1 22 12 3 7 
13 25 6 9 12 27 24 16 19 
11 15 23 11 2 9 23 17 22 
11 12 27 16 15 1 21 12 15 
25 3 25 24 16 14 13 15 4 
16 11 12 5 7 20 13 26 22 
10 25 3 2 13 15 15 16 24 
20 1 1 23 19 18 19 2 13 
13 12 15 10 4 23 18 24 9 
9 6 1 14 5 27 10 4 27 
21 6 17 19 15 23 23 7 10 
11 13 26 23 24 25 27 12 19 
22 10 14 7 9 7 3 20 19 
27 24 18 8 8 25 10 27 13 
21 1 19 15 15 15 16 26 26 
13 14 4 6 3 23 7 5 11 
24 10 11 14 15 2 21 4 26 
24 21 5 13 19 27 2 11 13 
19 8 21 17 7 21 22 8 1 
27 14 23 24 11 26 9 1 19 
23 8 3 4 22 20 4 9 12 
4 23 10 25 2 17 19 20 21 
22 20 24 15 11 9 12 26 11 
10 25 20 13 5 13 1 14 17 
6 8 21 17 12 3 3 22 4 
11 21 22 9 14 11 22 17 1 
12 22 5 4 25 22 26 12 16 
23 8 23 8 26 19 6 22 26 
6 2 25 15 4 27 3 19 21 
23 18 11 10 4 6 17 19 5 
18 5 5 16 12 20 11 26 14 
27 27 4 13 7 22 12 24 7 
6 19 5 21 20 7 23 2 8 
19 20 5 23 6 23 25 6 15 
19 15 16 20 16 17 20 22 2 
16 11 9 2 2 21 13 21 23 
12 27 15 3 3 1 23 17 8 
1 2 9 8 8 4 7 5 19 
3 4 20 22 14 5 17 4 14 
27 9 27 1 8 3 25 8 8 
15 26 24 21 1 23 1 6 12 
23 14 14 3 16 25 21 21 25 
22 23 26 19 25 22 26 19 19 
2 5 8 2 9 20 27 16 14 
15 27 20 21 5 6 2 1 14 
22 16 25 6 19 3 13 15 1 
23 4 18 11 5 2 26 27 17 
17 13 10 10 6 15 9 7 1 
18 27 7 9 7 16 2 8 20 
13 26 4 1 6 20 9 7 7 
7 24 9 1 20 2 11 13 13 
15 25 14 23 15 26 17 25 2 
22 24 9 1 15 18 10 25 22 
16 7 14 17 4 23 25 2 19 
22 11 2 15 13 20 11 19 12 
23 6 11 7 3 25 17 22 10 
7 16 24 18 3 24 6 25 14 
8 25 14 11 10 21 13 5 16 
4 13 14 19 18 2 10 23 9 
13 15 11 22 24 16 18 5 18 
11 20 2 6 11 1 12 27 23 
3 4 8 1 1 10 5 20 22 
16 11 19 11 23 6 19 25 15 
10 6 1 13 1 4 15 10 11 
18 9 13 20 2 2 4 14 18 
23 3 9 26 1 2 5 2 16 
5 26 24 2 8 17 26 13 15 
11 20 7 19 21 11 8 16 22 
17 6 25 25 23 8 24 3 3 
1 27 24 1 4 9 26 15 18 
20 1 11 17 14 14 27 26 20 
25 1 21 5 7 9 5 10 1 
20 2 26 10 4 9 5 10 6 
26 11 2 24 27 27 14 16 18 
15 22 1 17 5 27 11 4 7 
19 7 17 13 20 20 17 11 1 
11 9 6 1 21 20 26 6 4 
4 24 12 22 25 16 25 12 7 
13 3 22 17 15 18 24 26 18 
13 15 21 16 20 20 27 7 7 
9 19 23 5 16 4 26 17 15 
5 22 21 8 18 22 25 19 14 
24 22 14 7 11 19 11 26 25 
5 21 26 26 18 22 3 9 3 
21 25 17 19 20 21 10 22 15 
5 6 11 16 13 21 11 23 25 
4 22 2 15 13 5 17 3 1 
5 26 13 22 13 17 14 18 2 
8 7 3 15 2 2 16 5 11 
12 18 16 6 17 25 21 19 19 
20 18 11 19 2 4 19 23 5 
24 2 11 16 7 6 16 9 8 
26 27 4 21 19 14 20 16 4 
12 4 14 7 19 8 2 2 25 
5 20 4 4 5 24 15 10 10 
10 1 26 22 2 22 16 5 18 
21 15 2 14 16 2 4 26 8 
6 20 11 17 17 13 10 18 4 
2 19 5 1 19 20 3 12 10 
15 5 9 15 18 14 22 8 6 
11 20 27 7 19 5 17 10 24 
14 11 6 13 24 6 6 15 24 
16 25 11 23 7 12 20 18 16 
25 17 18 5 23 11 18 14 23 
11 8 17 12 18 22 5 1 17 
11 7 6 12 3 26 25 10 6 
26 17 26 23 16 3 3 15 4 
5 20 14 27 7 14 1 23 20 
21 22 20 6 13 3 6 7 18 
11 18 13 16 21 10 22 26 8 
7 11 9 14 4 3 1 10 17 
6 20 6 22 20 14 25 23 2 
14 18 15 6 1 3 10 23 11 
24 21 9 25 26 26 13 5 13 
2 9 24 23 10 19 14 19 10 
7 22 26 7 27 12 21 4 13 
14 17 3 21 3 21 23 8 14 
15 6 8 11 24 9 27 13 21 
2 4 13 11 27 20 19 26 26 
7 12 12 6 19 9 8 5 16 
18 1 6 22 27 16 25 19 19 
17 10 19 10 22 5 20 1 9 
13 6 14 14 5 6 27 13 20 
10 1 18 11 9 24 18 3 11 
21 21 6 3 9 24 17 20 5 
12 5 25 11 2 9 10 25 10 
16 13 27 20 25 12 12 17 14 
11 11 3 15 8 24 11 17 15 
10 8 13 2 5 10 14 16 6 
19 4 9 7 20 26 15 22 1 
16 13 4 18 13 3 21 19 5 
14 26 9 12 27 15 14 24 22 
17 8 7 15 27 10 10 11 22 
2 16 3 11 1 16 16 20 7 
8 1 17 15 17 13 21 8 15 
14 10 23 23 11 10 2 13 20 
18 6 17 18 26 16 17 3 8 
16 13 14 3 1 6 12 8 12 
4 16 22 15 15 23 11 23 7 
8 23 10 23 6 13 13 17 8 
21 27 24 5 10 26 21 21 25 
9 21 25 11 6 15 27 20 23 
27 23 14 21 2 25 3 4 18 
6 24 16 6 22 7 26 3 27 
3 21 8 5 23 11 7 8 18 
19 7 25 8 23 23 8 25 13 
23 16 20 15 2 4 1 22 1 
22 6 11 22 9 12 17 4 26 
3 22 25 1 7 19 11 6 2 
5 17 22 17 9 21 7 9 19 
1 24 3 11 14 12 21 20 23 
6 18 14 12 5 21 24 14 15 
22 18 27 15 4 22 11 25 25 
4 17 8 12 22 21 18 20 4 
20 10 16 9 13 19 6 9 7 
6 16 10 16 7 26 21 15 24 
11 13 7 21 27 15 12 4 23 
9 23 9 22 7 17 6 22 26 
7 5 20 5 17 23 10 21 5 
14 1 16 25 9 6 13 16 15 
27 27 16 4 26 25 14 15 1 
23 12 8 13 21 6 6 9 21 
5 15 24 15 15 22 27 23 13 
6 5 26 20 23 27 7 8 20 
22 14 23 27 23 20 4 4 24 
11 21 24 14 12 14 25 9 17 
20 16 10 2 1 13 8 26 7 
5 25 21 26 10 6 21 20 27 
10 22 12 4 3 13 4 24 18 
8 1 6 5 22 9 18 1 6 
21 27 14 3 9 5 27 27 18 
18 24 18 8 22 13 23 13 25 
26 10 3 18 26 21 9 17 17 
22 26 21 1 7 10 17 11 7 
2 26 12 23 3 23 11 23 3 
1 15 10 21 23 2 16 10 18 
4 21 3 10 22 3 7 5 15 
3 14 6 6 15 9 6 26 25 
4 8 7 14 25 5 10 13 10 
24 4 2 9 26 6 14 25 20 
20 20 13 9 20 24 25 20 2 
2 18 17 3 27 17 8 5 24 
15 5 5 9 19 12 18 15 27 
7 20 19 19 2 15 12 18 18 
2 10 19 19 21 24 6 26 6 
17 22 12 19 19 7 26 20 6 
1 25 8 15 11 16 16 8 12 
4 2 17 7 17 20 9 2 25 
26 4 19 19 6 11 2 3 26 
20 6 17 14 18 22 8 23 12 
14 5 7 16 15 6 21 11 24 
12 8 10 2 3 4 27 4 27 
27 21 26 26 26 12 14 3 18 
3 17 12 18 21 9 10 27 21 
15 19 24 20 27 15 15 8 17 
20 12 9 6 9 24 3 11 25 
16 15 8 2 24 3 21 24 24 
15 24 5 14 11 14 2 23 19 
26 26 1 11 21 20 24 10 18 
3 18 18 14 11 15 7 13 21 
14 1 13 26 23 7 3 22 7 
25 24 21 17 23 14 3 15 15 
18 20 2 22 23 15 8 12 11 
15 12 16 10 23 7 18 11 7 
5 10 2 6 11 16 1 2 11 
11 6 20 7 22 12 12 21 18 
20 24 19 22 6 5 7 1 14 
13 14 27 12 17 24 27 3 22 
4 22 5 2 2 4 2 17 10 
2 18 15 26 23 6 21 26 9 
6 14 27 14 21 26 11 14 13 
27 7 24 1 16 12 27 2 1 
6 5 12 8 23 7 24 17 4 
12 22 14 1 2 22 6 24 13 
9 24 26 12 12 7 13 22 5 
27 18 25 7 25 4 10 19 8 
26 19 11 5 17 22 17 14 12 
23 13 3 26 18 3 23 3 22 
6 7 11 24 13 9 22 3 13 
13 2 16 10 23 25 23 14 11 
6 4 15 11 18 22 25 3 7 
7 22 11 24 25 1 16 23 24 
22 26 3 3 22 5 11 11 17 
13 14 23 21 23 6 21 19 6 
25 9 9 25 14 2 3 16 16 
11 11 15 6 9 8 20 16 3 
9 24 17 5 5 12 19 27 12 
26 20 3 26 8 9 18 12 16 
18 11 15 15 25 6 14 13 1 
24 9 8 25 27 12 11 21 4 
26 18 21 18 13 21 16 25 10 
19 26 6 27 7 5 19 23 19 
18 17 5 6 27 17 25 15 20 
27 25 7 10 9 26 25 17 26 
25 23 8 1 4 16 14 23 14 
23 14 11 25 9 5 2 14 3 
15 12 27 19 5 9 15 1 21 
26 8 27 6 22 26 13 20 12 
7 2 1 2 25 22 1 4 1 
1 18 9 17 4 8 17 23 5 
16 14 22 8 20 13 16 20 17 
8 7 22 4 20 23 9 17 10 
7 22 20 14 14 8 27 20 2 
11 22 25 24 24 18 24 20 26 
5 16 19 13 27 14 17 3 15 
10 18 13 14 10 7 2 17 5 
23 21 16 23 12 5 16 6 3 
5 23 6 10 13 6 17 22 6 
11 3 19 2 13 18 4 1 6 
26 27 9 20 20 16 23 27 24 
19 18 1 8 12 11 6 19 23 
24 22 22 6 8 21 25 5 24 
12 16 26 16 8 13 11 24 17 
1 25 24 5 7 15 26 26 13 
6 2 13 15 5 8 23 18 2 
3 22 23 4 24 17 2 5 20 
6 22 25 24 25 24 1 6 21 
22 16 6 27 20 11 6 26 17 
17 17 18 26 13 9 22 4 19 
10 19 14 12 5 13 2 16 22 
1 9 2 4 22 5 6 4 7 
17 27 6 4 13 26 3 1 6 
4 5 18 4 20 20 21 22 26 
8 22 17 15 16 26 6 27 18 
23 9 10 9 9 10 14 26 15 
6 24 6 19 23 12 23 18 24 
19 22 25 4 20 11 12 4 24 
5 2 24 14 12 9 5 10 9 
8 20 19 7 25 7 23 21 13 
